15,0
9,0
15,0
9,2
15,2
18,2
15,2
16,2
16,0
18,1
15,1
7,1
17,0
16,0
19,1
0,1
3,1
18,1
10,1
0,1
3,1
17,1
15,1
0,1
18,1
13,1
7,1
3,1
19,0
2,0
8,0
1,0
14,0
7,0
5,0
19,0
19,0
3,0
7,0
15,0
2,0
16,0
7,0
7,0
13,2
2,2
14,2
7,2
14,0
13,0
3,0
7,2
15,2
5,2
18,2
0,2
10,2
11,2
15,2
16,2
0,0
15,0
3,2
0,2
0,2
13,2
9,2
0,2
7,2
7,2
3,2
10,2
8,2
18,2
16,2
10,0
13,0
15,0
2,0
14,0
15,0
0,0
16,0
10,0
17,2
7,2
11,2
10,2
3,2
15,2
9,2
0,2
10,2
7,2
3,2
16,2
10,2
16,2
7,2
7,2
0,2
15,1
15,1
7,1
7,1
18,2
0,2
10,2
3,2
15,2
5,2
6,2
19,2
15,2
13,2
15,2
2,2
10,0
7,0
10,0
3,2
15,2
14,2
9,1
0,1
5,1
7,1
1,1
3,1
7,1
16,1
19,1
8,1
11,1
19,1
19,1
18,1
7,1
10,1
12,1
15,1
7,1
3,0
15,0
15,1
0,1
10,1
5,1
7,1
5,1
9,1
3,1
0,1
10,1
10,1
11,1
0,1
19,1
3,1
14,1
15,0
10,0
15,0
9,0
2,0
15,0
16,0
13,1
3,1
5,1
10,1
0,1
0,1
0,1
7,1
19,0
0,0
8,2
0,2
16,2
14,2
0,0
