9,0
15,0
7,0
9,0
1,0
19,2
2,2
3,1
2,1
4,1
19,1
16,1
6,1
13,1
2,1
2,1
12,1
11,1
9,1
1,1
11,1
16,1
4,0
7,0
17,2
9,2
9,2
13,2
19,2
9,2
5,2
2,2
4,0
6,0
9,2
9,2
9,2
8,2
15,2
11,2
7,2
0,2
15,2
16,0
16,0
10,1
16,1
6,1
10,1
19,1
5,1
15,1
9,1
3,1
11,1
2,1
2,1
6,0
9,0
5,0
4,0
0,2
18,2
19,2
19,2
13,2
3,2
0,2
19,0
15,0
11,0
9,0
8,2
13,2
13,2
12,2
18,2
0,2
1,2
6,0
15,0
15,0
2,0
15,1
1,1
3,1
1,1
12,1
16,1
18,1
0,1
15,1
15,1
11,1
5,1
0,1
9,1
10,1
11,1
11,1
9,0
6,0
7,0
19,0
2,0
19,2
10,2
16,0
15,0
19,0
9,0
6,0
15,0
0,1
5,1
3,1
19,1
0,1
3,1
10,0
