12,0
16,1
19,1
6,1
5,1
12,1
12,1
11,1
15,1
7,1
6,1
12,1
9,1
1,1
15,1
19,1
4,1
10,1
7,1
11,1
16,1
11,1
19,0
0,1
6,1
6,1
10,1
19,1
2,1
7,1
10,1
1,0
6,0
15,0
11,0
13,0
0,0
3,0
19,1
11,1
6,1
10,1
11,1
4,1
18,1
19,1
2,1
4,1
19,1
12,1
6,1
12,1
12,1
5,0
16,0
12,2
11,2
11,0
7,0
11,2
10,2
2,1
18,1
3,1
0,1
15,1
19,1
11,1
5,1
9,1
3,1
16,1
9,1
12,1
14,1
3,1
6,1
10,1
0,1
7,1
14,1
12,1
1,1
0,1
0,1
10,1
3,1
9,1
4,1
1,0
16,0
19,0
0,0
3,0
7,0
9,0
11,0
2,1
2,1
4,1
3,1
0,1
0,1
18,1
19,1
10,1
10,1
5,1
4,1
10,1
15,1
11,1
2,1
2,0
14,0
11,0
13,0
9,0
13,0
14,0
