16,0
17,0
11,0
6,0
0,0
16,0
10,0
14,2
5,2
19,2
11,2
0,1
12,1
10,1
6,1
11,1
3,1
3,1
7,1
11,1
19,1
15,0
7,0
3,0
16,2
19,2
16,2
18,0
15,0
7,2
11,2
16,2
19,0
8,0
19,0
19,0
0,2
0,2
0,2
19,2
10,2
14,2
7,2
13,2
14,0
13,0
14,0
15,0
13,0
6,0
19,0
8,0
3,0
11,2
11,2
2,2
14,0
16,0
10,0
6,0
9,0
14,0
0,2
7,2
0,2
16,2
19,0
3,0
19,0
16,0
13,2
9,2
2,2
16,2
2,2
11,2
7,2
13,2
7,0
8,0
15,0
13,0
3,0
9,0
16,0
11,0
11,0
7,2
14,2
14,2
18,0
0,0
19,0
12,0
14,0
19,0
9,0
3,0
14,0
9,0
19,0
0,0
7,0
16,0
7,0
13,0
15,0
14,0
19,0
14,0
11,0
3,0
7,0
11,0
13,0
7,0
18,0
16,0
3,2
13,2
16,2
17,2
8,2
14,2
16,2
0,2
7,2
16,0
18,0
18,0
18,0
19,2
4,2
5,2
9,2
14,2
7,2
8,0
0,0
0,0
16,0
7,0
12,0
13,1
7,1
11,1
9,0
19,0
19,2
11,2
