0,0
19,2
18,2
2,2
9,2
7,2
17,0
15,0
13,0
2,0
19,0
2,0
7,0
0,0
1,0
7,0
11,0
15,0
13,0
1,0
0,0
7,0
3,0
19,2
10,2
19,2
13,2
11,2
18,0
9,0
11,0
7,0
5,0
8,0
2,0
19,2
19,2
0,2
19,2
2,1
7,1
1,1
7,1
18,1
0,1
15,1
4,1
15,0
0,0
14,0
1,0
7,0
0,0
1,2
16,2
18,2
15,0
15,0
7,0
5,2
3,2
1,2
9,2
11,2
10,0
16,0
1,0
7,2
5,2
2,2
18,2
13,2
9,2
4,0
15,0
13,0
14,0
7,0
8,0
4,0
7,0
7,0
7,0
12,0
11,2
9,2
0,2
9,2
2,2
0,2
11,0
0,0
19,0
18,0
2,0
9,0
7,0
17,0
15,0
13,0
2,0
19,0
2,0
7,0
0,0
1,0
7,0
11,0
15,0
13,0
1,0
0,0
7,0
3,0
19,0
10,0
19,0
13,0
11,0
18,0
9,0
11,0
7,0
5,0
8,0
2,0
19,0
19,0
0,0
19,0
2,0
7,0
1,0
7,0
18,0
0,0
15,0
4,0
15,0
0,0
14,0
1,0
7,0
0,0
1,0
16,0
18,0
15,0
15,0
7,0
5,0
3,0
1,0
9,0
11,0
10,0
16,0
1,0
7,0
5,0
2,0
18,0
13,0
9,0
4,0
15,0
13,0
14,0
7,0
8,0
4,0
7,0
7,0
7,0
12,0
11,0
9,0
0,0
9,0
2,0
0,0
11,0
0,0
19,0
18,0
2,0
9,0
7,0
17,0
15,0
13,0
2,0
19,0
2,0
7,0
0,0
1,0
7,0
11,0
15,0
13,0
1,0
0,0
7,0
3,0
19,0
10,0
19,0
13,0
11,0
18,0
9,0
11,0
7,0
5,0
8,0
2,0
19,0
19,0
0,0
19,0
2,0
7,0
1,0
7,0
18,0
0,0
15,0
4,0
15,0
0,0
14,0
1,0
7,0
0,0
1,0
16,0
18,0
15,0
15,0
7,0
5,0
3,0
1,0
9,0
11,0
10,0
16,0
1,0
7,0
5,0
2,0
18,0
13,0
9,0
4,0
15,0
13,0
14,0
7,0
8,0
4,0
7,0
7,0
7,0
12,0
11,0
9,0
0,0
9,0
2,0
0,0
11,0
