10,0
15,0
3,0
3,0
13,0
13,0
1,0
10,0
13,0
10,0
3,0
14,0
16,0
5,0
16,0
18,0
15,0
4,0
0,1
18,1
13,1
6,1
1,1
3,1
3,1
12,0
16,0
10,0
5,0
6,0
0,0
5,0
9,0
0,0
11,0
9,0
3,0
10,0
0,0
10,0
7,0
11,0
10,0
7,1
10,1
5,1
14,1
7,1
12,1
16,1
10,1
10,1
3,1
19,1
7,1
4,1
7,1
17,1
7,0
0,0
16,0
12,0
12,0
1,0
0,0
19,0
6,2
11,2
18,2
3,2
19,2
2,0
19,0
19,0
7,0
10,1
16,1
10,1
15,1
11,1
2,1
5,1
0,1
2,1
8,1
19,1
5,1
5,0
10,2
19,2
0,2
2,2
15,2
6,2
2,0
10,1
1,1
15,1
11,1
1,1
19,1
10,1
10,1
0,1
7,1
17,1
6,1
5,1
13,1
3,1
6,0
14,0
19,0
3,0
1,0
9,2
19,2
15,2
9,2
7,2
0,0
13,1
6,1
8,1
13,1
7,1
8,0
6,0
1,0
18,0
3,0
0,2
13,2
13,2
15,2
10,2
0,0
8,0
1,0
10,0
10,0
14,0
0,0
3,0
7,0
19,1
12,1
10,1
10,1
8,1
16,1
9,1
16,1
7,1
10,1
8,1
14,1
11,1
6,0
9,0
8,0
6,0
1,2
7,2
10,2
14,2
12,2
15,2
13,2
16,2
13,2
0,0
1,0
13,0
10,1
11,1
13,1
9,1
19,1
16,1
6,0
9,0
13,0
14,0
7,1
7,1
1,1
10,1
14,1
15,1
9,1
14,1
12,1
19,1
5,1
6,1
4,1
0,1
15,1
0,0
2,0
7,0
13,0
16,0
19,0
16,0
1,1
19,1
5,1
15,1
10,1
5,1
14,1
8,1
18,1
0,1
11,1
16,1
10,0
3,0
10,2
17,2
15,2
0,2
0,2
10,2
5,2
0,1
2,1
11,1
7,1
5,1
0,1
9,1
0,1
10,1
5,1
15,1
6,1
6,1
19,1
18,1
6,1
1,1
18,1
12,1
11,1
18,1
10,1
16,1
7,1
4,1
0,1
6,1
12,1
13,1
1,1
9,1
7,1
18,1
9,1
3,1
19,1
2,1
5,1
13,1
16,1
4,1
5,1
11,1
10,1
15,1
3,1
3,1
13,1
13,0
1,0
10,2
13,2
10,2
3,2
14,2
16,2
5,2
16,2
18,2
15,0
4,0
0,0
18,0
13,0
6,0
1,0
3,0
3,0
12,0
16,0
10,0
5,0
6,0
0,0
5,0
9,0
0,0
11,0
9,0
3,0
10,0
0,0
10,0
7,0
11,0
10,0
7,0
10,0
5,0
14,0
7,0
12,0
16,0
10,0
10,0
3,0
19,0
7,0
4,0
7,0
17,0
7,0
0,0
16,0
12,0
12,0
1,0
0,0
19,0
6,0
11,0
18,0
3,0
19,0
2,0
19,0
19,0
7,0
10,0
16,0
10,0
15,0
11,0
2,0
5,0
0,0
2,0
8,0
19,0
5,0
5,0
10,0
19,0
0,0
2,0
15,0
6,0
2,0
10,0
1,0
15,0
11,0
1,0
19,0
10,0
10,0
0,0
7,0
17,0
6,0
5,0
13,0
3,0
6,0
14,0
19,0
3,0
1,0
9,0
19,0
15,0
9,0
7,0
0,0
13,0
6,0
8,0
13,0
7,0
8,0
6,0
1,0
18,0
3,0
0,0
13,0
13,0
15,0
10,0
0,0
8,0
1,0
10,0
10,0
14,0
0,0
3,0
7,0
19,0
12,0
10,0
10,0
8,0
16,0
9,0
16,0
7,0
10,0
8,0
14,0
11,0
6,0
9,0
8,0
6,0
1,0
7,0
10,0
14,0
12,0
15,0
13,0
16,0
13,0
0,0
1,0
13,0
10,0
11,0
13,0
9,0
19,0
16,0
6,0
9,0
13,0
14,0
7,0
7,0
1,0
10,0
14,0
15,0
9,0
14,0
12,0
19,0
5,0
6,0
4,0
0,0
15,0
0,0
2,0
7,0
13,0
16,0
19,0
16,0
1,0
19,0
5,0
15,0
10,0
5,0
14,0
8,0
18,0
0,0
11,0
16,0
10,0
3,0
10,0
17,0
15,0
0,0
0,0
10,0
5,0
0,0
2,0
11,0
7,0
5,0
0,0
9,0
0,0
10,0
5,0
15,0
6,0
6,0
19,0
18,0
6,0
1,0
18,0
12,0
11,0
18,0
10,0
16,0
7,0
4,0
0,0
6,0
12,0
13,0
1,0
9,0
7,0
18,0
9,0
3,0
19,0
2,0
5,0
13,0
16,0
4,0
5,0
11,0
