15,0
15,0
0,0
16,0
6,0
5,0
13,0
10,0
6,0
11,0
16,0
15,0
11,0
7,0
9,0
14,0
5,0
18,1
3,1
9,1
17,1
14,1
9,1
3,1
14,1
10,1
19,1
19,1
16,1
15,1
10,1
3,1
19,1
9,1
0,1
14,1
15,0
3,0
0,0
7,0
9,0
19,0
9,2
1,2
13,2
11,2
2,2
10,2
2,2
9,2
16,2
7,2
10,0
11,0
2,2
5,2
5,2
9,2
15,2
3,2
13,2
5,2
12,2
3,2
16,2
11,2
0,2
11,2
16,1
19,1
10,1
10,1
11,1
16,2
11,2
0,2
3,2
10,2
8,2
9,2
19,2
7,0
3,0
9,0
19,0
9,2
6,2
10,2
16,2
6,2
5,2
15,2
11,2
15,2
13,2
16,2
7,2
10,2
18,2
16,2
0,2
3,2
16,2
2,2
19,2
9,0
7,1
0,1
19,1
1,2
18,2
7,2
18,2
2,2
10,2
11,2
2,2
3,2
3,2
2,2
7,2
19,2
5,2
8,2
13,2
6,2
19,2
5,2
14,2
6,2
16,2
13,2
16,2
4,2
6,0
15,0
9,0
7,0
6,0
14,2
11,2
9,2
16,2
10,2
15,0
15,0
3,0
10,2
15,2
15,2
0,2
10,2
6,2
11,0
3,0
15,0
7,0
2,2
2,2
15,2
10,2
6,1
14,1
3,1
12,1
6,1
14,1
10,1
11,1
16,1
10,1
1,1
5,1
0,1
0,0
9,0
4,0
11,0
9,0
0,0
6,0
0,0
4,0
18,1
9,1
15,1
19,1
19,1
8,1
2,1
9,1
1,1
0,1
15,1
0,1
11,1
9,1
10,1
14,1
0,1
15,1
15,1
13,1
