7,0
5,0
10,0
2,0
8,0
6,0
10,0
15,0
11,1
10,1
13,1
2,1
6,1
10,1
17,1
3,1
0,1
3,1
5,1
2,1
1,1
12,1
11,0
15,0
7,0
11,0
3,0
18,0
1,0
9,0
15,0
10,0
5,2
7,2
11,2
0,0
7,0
18,0
19,0
15,0
0,0
15,0
13,0
14,0
10,0
13,0
5,0
13,0
19,0
3,0
6,0
6,0
11,0
10,0
11,0
15,0
1,0
11,0
16,0
13,2
0,2
16,2
13,2
9,1
15,1
10,1
10,1
3,1
2,1
18,1
6,0
12,0
3,1
16,1
7,1
19,1
0,1
6,1
19,1
19,1
16,1
14,1
6,1
6,1
9,1
0,1
6,1
2,0
2,0
2,0
13,0
10,0
3,0
0,0
9,1
10,1
6,1
16,1
11,1
19,1
12,1
11,1
12,1
0,1
8,1
3,1
18,1
10,1
19,1
1,1
11,0
2,1
5,1
0,1
11,1
14,1
16,1
1,1
2,1
3,1
13,1
11,1
19,1
5,1
10,1
18,0
2,0
9,0
17,0
13,0
5,1
10,1
18,1
15,1
1,1
7,1
15,1
1,1
14,1
3,1
15,1
4,1
7,1
13,1
6,1
8,0
19,0
13,0
19,0
7,0
6,0
15,0
11,0
1,0
7,0
5,0
6,0
12,1
12,1
7,1
10,1
8,1
2,1
17,1
19,0
5,0
13,0
18,0
10,0
5,0
6,0
11,0
1,0
11,0
2,0
9,0
3,0
18,0
11,1
7,1
18,1
19,1
0,1
1,1
5,1
2,1
11,1
15,1
1,1
14,0
3,0
6,2
3,2
3,2
5,2
19,2
10,2
2,0
10,0
5,0
13,0
2,0
17,0
11,0
6,0
12,0
19,0
11,0
14,0
19,0
7,0
15,2
15,2
13,2
9,2
7,2
19,2
15,2
14,2
6,0
13,0
6,2
13,2
0,0
10,0
18,0
16,2
9,2
19,2
13,2
10,0
0,0
15,0
5,1
6,1
11,1
12,1
15,1
1,1
6,1
19,1
19,1
1,1
10,1
6,1
6,1
18,1
6,1
10,0
5,0
9,0
19,0
19,2
2,2
1,2
8,2
7,2
1,2
18,2
9,2
7,0
16,0
0,2
18,2
14,2
19,2
10,2
10,2
15,2
16,2
2,2
2,2
14,0
7,0
5,2
10,2
2,2
8,2
6,2
10,2
15,2
11,2
10,2
13,2
2,2
6,0
10,0
17,0
3,0
0,0
3,0
5,0
2,0
1,0
12,0
11,0
15,0
7,0
11,0
3,0
18,0
1,0
9,0
15,0
10,0
5,0
7,0
11,0
0,0
7,0
18,0
19,0
14,0
15,0
0,0
15,0
13,0
14,0
10,0
13,0
5,0
13,0
19,0
3,0
6,0
6,0
11,0
10,0
11,0
15,0
1,0
11,0
16,0
13,0
0,0
16,0
13,0
9,0
15,0
10,0
10,0
3,0
2,0
18,0
6,0
12,0
3,0
16,0
7,0
19,0
0,0
6,0
19,0
19,0
16,0
14,0
6,0
6,0
9,0
0,0
6,0
2,0
2,0
2,0
13,0
10,0
3,0
0,0
9,0
10,0
6,0
16,0
11,0
19,0
12,0
11,0
12,0
0,0
8,0
3,0
18,0
10,0
19,0
1,0
11,0
2,0
5,0
0,0
11,0
14,0
16,0
1,0
2,0
3,0
13,0
11,0
19,0
5,0
10,0
18,0
2,0
9,0
17,0
13,0
5,0
10,0
18,0
15,0
1,0
0,0
14,0
7,0
15,0
1,0
14,0
3,0
15,0
4,0
7,0
13,0
6,0
8,0
19,0
13,0
19,0
7,0
6,0
15,0
11,0
1,0
7,0
5,0
6,0
12,0
12,0
7,0
10,0
8,0
2,0
17,0
19,0
5,0
13,0
18,0
10,0
5,0
6,0
11,0
1,0
11,0
2,0
9,0
3,0
18,0
11,0
7,0
18,0
19,0
0,0
1,0
5,0
2,0
11,0
15,0
1,0
14,0
3,0
6,0
3,0
3,0
5,0
19,0
10,0
2,0
10,0
5,0
13,0
2,0
17,0
11,0
6,0
12,0
19,0
11,0
14,0
19,0
7,0
15,0
15,0
13,0
9,0
7,0
19,0
15,0
14,0
6,0
13,0
6,0
13,0
0,0
10,0
18,0
16,0
9,0
19,0
13,0
10,0
0,0
15,0
5,0
6,0
11,0
12,0
15,0
1,0
6,0
19,0
19,0
1,0
10,0
6,0
6,0
18,0
6,0
10,0
5,0
9,0
19,0
19,0
2,0
1,0
8,0
7,0
1,0
18,0
9,0
7,0
16,0
0,0
18,0
14,0
19,0
10,0
10,0
15,0
16,0
2,0
2,0
14,0
7,0
5,0
10,0
2,0
8,0
6,0
10,0
15,0
11,0
10,0
13,0
2,0
6,0
10,0
17,0
3,0
0,0
3,0
5,0
2,0
1,0
12,0
11,0
15,0
7,0
11,0
3,0
18,0
1,0
9,0
15,0
10,0
5,0
7,0
11,0
0,0
7,0
18,0
19,0
15,0
13,0
14,0
10,0
13,0
5,0
13,0
19,0
3,0
6,0
6,0
11,0
10,0
11,0
15,0
1,0
11,0
16,0
13,0
0,0
16,0
13,0
9,0
15,0
10,0
10,0
3,0
2,0
18,0
6,0
12,0
3,0
16,0
7,0
19,0
0,0
6,0
19,0
19,0
16,0
14,0
6,0
6,0
9,0
0,0
6,0
2,0
2,0
2,0
13,0
10,0
3,0
0,0
9,0
10,0
6,0
16,0
11,0
19,0
12,0
11,0
12,0
0,0
8,0
3,0
18,0
10,0
19,0
1,0
11,0
2,0
5,0
0,0
11,0
14,0
16,0
1,0
2,0
3,0
13,0
11,0
19,0
5,0
10,0
18,0
2,0
9,0
17,0
13,0
5,0
10,0
18,0
15,0
1,0
0,0
14,0
7,0
15,0
1,0
14,0
3,0
15,0
4,0
7,0
13,0
6,0
8,0
19,0
13,0
19,0
7,0
6,0
15,0
11,0
1,0
7,0
5,0
6,0
12,0
12,0
7,0
10,0
8,0
2,0
17,0
19,0
5,0
13,0
18,0
10,0
5,0
6,0
11,0
1,0
11,0
2,0
9,0
3,0
18,0
11,0
7,0
18,0
19,0
0,0
1,0
5,0
2,0
11,0
15,0
1,0
14,0
3,0
6,0
3,0
3,0
5,0
19,0
10,0
2,0
10,0
5,0
13,0
2,0
17,0
11,0
6,0
12,0
19,0
11,0
14,0
19,0
7,0
15,0
15,0
13,0
9,0
7,0
19,0
15,0
14,0
6,0
13,0
6,0
13,0
0,0
10,0
18,0
16,0
9,0
19,0
13,0
10,0
0,0
15,0
5,0
6,0
11,0
12,0
15,0
1,0
6,0
19,0
19,0
1,0
10,0
6,0
6,0
18,0
6,0
10,0
5,0
9,0
19,0
19,0
2,0
1,0
8,0
7,0
1,0
18,0
9,0
7,0
16,0
0,0
18,0
14,0
19,0
10,0
10,0
15,0
16,0
2,0
