8,0
10,0
14,0
11,0
14,0
16,0
10,2
17,2
0,2
6,2
14,2
7,0
15,0
19,0
9,0
16,0
5,0
7,0
15,0
14,0
19,0
16,2
10,2
1,2
4,2
5,2
7,2
16,0
5,0
6,0
18,0
1,0
10,0
18,0
1,0
6,0
11,0
11,0
16,0
0,0
14,0
17,0
9,0
16,1
1,1
9,1
14,1
5,1
6,1
10,0
19,1
11,1
11,1
7,1
5,1
13,1
14,0
9,0
14,2
15,2
9,2
16,2
17,0
6,0
8,0
0,1
7,1
1,1
18,1
1,1
4,0
18,0
18,0
7,0
15,0
3,0
16,0
0,0
7,0
1,0
15,0
6,0
15,0
15,0
3,0
14,0
10,0
6,0
10,0
19,0
19,0
16,0
7,0
0,0
18,0
9,0
11,0
14,0
16,0
10,0
15,0
0,0
5,2
14,2
15,2
14,2
19,2
19,0
2,0
15,0
7,2
7,2
2,2
19,0
16,0
10,0
5,0
4,2
3,2
15,2
5,2
19,2
0,2
13,0
3,0
7,0
13,0
9,0
10,0
4,2
11,2
6,2
7,2
6,2
8,2
14,0
5,0
4,0
10,0
2,0
15,0
5,0
14,2
8,2
0,2
1,2
7,0
15,1
15,1
1,1
0,0
9,2
13,2
15,0
19,0
7,2
14,2
19,2
15,2
14,2
15,2
1,0
1,0
17,0
17,0
18,0
1,0
4,0
18,0
0,0
18,2
3,2
15,2
2,2
15,2
14,2
18,2
6,0
17,0
15,0
10,0
14,0
15,0
3,0
10,0
10,0
6,0
10,0
10,0
19,0
10,0
7,2
