7,0
18,0
1,0
9,0
10,0
19,0
16,0
16,0
15,0
1,0
1,0
14,0
15,0
14,0
1,2
9,2
1,2
15,2
13,2
19,2
11,0
3,0
10,0
15,0
0,1
16,1
9,1
14,1
7,1
0,1
13,1
1,1
13,1
16,1
1,1
7,1
8,1
18,0
15,0
12,0
6,0
6,2
10,2
0,2
1,0
6,0
0,0
9,0
9,0
1,0
7,1
0,1
3,1
1,1
9,1
19,1
19,1
19,1
7,1
6,1
1,1
1,1
7,0
2,2
14,2
7,2
9,2
9,2
1,2
19,2
18,2
0,2
19,2
6,0
7,0
14,2
6,2
1,2
14,2
3,2
2,2
9,2
19,2
15,2
13,0
9,0
19,0
11,0
7,0
19,0
15,0
10,2
15,2
1,2
6,2
1,2
1,2
17,2
7,2
10,2
14,2
15,2
10,2
1,1
7,1
7,1
6,1
19,1
10,1
19,0
0,0
1,0
14,0
10,0
3,0
15,0
7,0
19,0
0,0
19,2
6,2
13,2
0,2
3,2
0,2
13,0
19,0
9,0
0,0
13,1
8,1
0,1
1,1
10,1
11,1
14,1
14,1
6,1
0,1
0,1
7,1
18,1
19,1
6,0
0,0
19,0
9,0
6,0
15,0
10,0
3,0
0,0
1,0
16,2
19,2
0,2
19,2
16,2
13,2
1,2
18,2
7,2
7,2
0,0
14,0
19,2
7,2
14,2
12,2
10,2
1,2
10,2
7,0
11,0
14,0
0,0
6,2
12,2
19,2
11,2
