19,0
10,0
5,0
1,0
4,0
9,0
19,0
15,0
14,0
0,0
7,2
1,2
8,2
15,2
0,0
15,0
10,0
9,0
13,0
10,0
8,0
7,2
15,2
7,2
3,2
15,2
7,2
5,0
7,0
10,0
1,0
12,0
17,1
9,1
11,1
5,1
19,1
10,1
2,1
5,1
3,1
10,1
16,1
13,1
5,1
8,1
9,0
11,0
9,0
9,0
18,0
14,0
16,0
0,2
14,2
14,2
1,2
15,2
18,2
16,0
14,0
12,0
11,2
7,2
7,2
9,0
15,1
2,1
19,1
17,1
13,0
3,0
1,2
13,2
11,2
9,0
16,0
2,0
3,0
4,0
14,0
6,0
8,0
10,0
6,0
15,0
9,0
3,0
19,0
12,1
4,1
5,1
19,1
10,1
16,1
3,1
10,1
9,1
3,1
6,1
6,1
19,1
11,1
15,1
7,1
9,1
11,1
11,1
2,1
1,1
9,1
10,0
9,0
7,1
7,1
13,1
15,0
12,2
7,2
7,2
4,2
12,2
0,2
12,1
8,1
10,1
0,1
18,1
1,1
2,1
8,1
5,1
3,1
19,1
0,1
7,1
19,1
13,0
0,0
10,0
15,0
15,0
13,2
10,2
2,2
11,2
0,2
15,0
0,0
19,0
18,0
5,0
0,0
10,0
5,1
11,1
15,1
2,1
7,1
19,1
10,1
14,1
6,1
10,0
13,0
5,0
4,0
8,0
7,0
16,0
0,2
3,2
6,2
10,2
19,2
10,2
8,0
15,0
17,0
0,0
6,0
6,0
16,1
2,1
15,1
12,1
10,1
11,1
15,1
10,1
7,1
19,1
16,1
16,1
11,1
13,1
8,1
15,0
13,0
14,0
2,2
19,2
18,2
8,2
6,2
10,2
15,0
11,0
16,0
6,0
10,0
3,0
9,0
10,1
11,1
10,1
17,1
9,1
10,1
16,1
11,1
10,1
14,1
7,1
