11,2
19,2
13,2
6,1
1,1
4,1
6,1
10,1
0,1
1,1
16,1
10,1
11,1
1,1
10,1
7,1
12,0
3,0
7,0
18,0
1,0
7,0
9,0
15,0
10,1
0,1
2,1
17,1
12,1
4,1
10,1
0,1
11,1
17,1
6,1
15,1
7,0
18,2
2,2
16,2
1,0
0,2
16,2
2,2
18,2
2,2
0,0
7,0
3,0
1,0
15,2
16,2
3,2
18,2
7,2
9,0
13,0
5,2
9,2
2,2
15,2
1,2
18,2
17,2
4,2
2,2
3,0
7,0
11,0
16,0
14,0
7,0
0,0
19,2
2,2
0,2
4,2
8,2
10,2
15,1
4,1
15,1
0,1
10,1
10,1
5,0
3,0
2,0
9,1
0,1
3,1
0,1
19,1
0,1
4,1
0,1
11,1
1,1
19,1
19,1
1,0
3,0
14,0
5,1
7,1
9,1
1,1
0,1
17,1
19,1
0,1
17,1
1,1
2,1
6,1
4,1
5,0
2,0
1,0
3,0
19,0
1,0
5,0
18,0
19,0
5,0
7,0
4,0
7,0
19,0
