15,0
10,0
7,0
16,0
10,0
10,0
3,0
18,0
0,0
0,0
7,0
19,0
9,0
14,0
0,0
15,0
5,0
9,0
1,0
0,0
0,0
7,0
0,0
19,0
7,0
0,0
9,0
1,0
18,0
19,0
15,0
3,0
1,0
1,0
14,0
7,0
7,0
0,0
17,0
12,2
10,2
7,2
11,2
14,0
9,0
5,0
10,0
15,0
6,0
0,1
1,1
3,1
10,1
15,1
7,1
2,1
7,1
10,0
11,0
9,0
19,2
15,2
4,2
18,2
5,2
18,0
7,0
11,0
7,0
15,0
16,0
0,0
3,0
17,0
10,0
7,0
7,0
0,0
15,0
0,0
7,0
19,1
5,1
8,1
0,1
1,1
1,1
7,1
15,1
6,1
10,1
8,1
0,0
0,0
0,2
7,2
7,2
14,2
16,2
15,2
0,0
14,0
9,0
18,1
0,1
15,1
9,1
3,1
3,1
2,1
14,1
15,1
18,1
6,1
5,1
18,1
11,1
2,1
5,1
9,1
19,1
14,1
18,1
10,1
1,1
15,1
17,1
6,1
15,1
19,1
9,1
7,0
8,0
5,0
1,0
16,0
7,0
19,0
18,2
0,2
2,2
15,2
11,0
16,0
9,0
3,0
17,0
0,1
19,1
2,1
3,1
7,1
10,1
7,1
15,1
18,1
13,1
17,1
5,1
8,1
2,1
17,1
7,1
15,1
14,1
11,1
7,1
18,1
16,0
8,0
14,0
0,2
0,2
8,2
10,2
8,2
5,1
19,1
6,1
9,1
3,1
11,1
1,1
11,1
19,1
7,1
7,1
19,1
7,0
19,0
3,0
19,2
2,2
5,2
9,2
10,0
11,0
14,0
5,0
13,0
7,0
5,0
17,0
0,0
