6,0
2,0
15,0
19,2
11,2
10,2
9,0
16,0
2,0
16,0
2,0
19,0
0,0
14,1
18,1
15,1
7,0
19,2
16,2
17,2
12,0
7,0
0,0
7,0
16,2
7,2
13,2
19,2
19,0
7,0
2,0
8,0
16,2
9,2
9,2
16,2
2,1
11,1
8,1
19,1
16,1
18,1
8,0
12,0
11,0
19,0
7,0
3,0
6,2
9,2
11,2
0,2
8,0
14,0
2,0
7,0
13,0
18,0
2,0
2,0
7,0
7,0
7,0
10,2
18,2
11,2
19,2
16,2
11,2
9,2
19,2
3,2
18,0
14,0
7,0
11,0
6,0
3,0
9,0
0,2
19,2
19,2
5,2
19,2
6,0
6,0
11,0
15,0
16,0
5,0
14,0
11,0
7,0
1,0
11,1
13,1
11,1
3,1
13,1
16,0
15,0
11,0
13,0
2,0
9,0
0,0
15,0
6,0
0,0
11,0
6,0
2,0
6,0
14,2
9,2
15,2
19,2
9,2
7,2
18,0
14,0
2,0
14,0
2,0
7,0
2,0
11,0
10,0
5,0
12,0
18,2
6,2
15,2
16,2
7,2
11,2
19,2
10,2
15,2
19,2
2,2
7,0
2,0
9,2
19,2
16,2
15,2
3,0
0,0
19,0
19,0
5,0
14,0
7,0
15,0
15,0
7,0
15,0
14,2
9,2
10,2
2,0
15,0
11,0
1,0
6,0
0,2
9,2
7,2
19,2
12,2
18,2
0,2
15,2
3,0
11,0
14,0
16,0
7,0
6,0
15,0
16,0
1,0
15,2
13,2
0,2
19,2
18,2
13,0
15,1
14,1
6,1
9,1
11,1
11,1
13,1
9,1
0,1
3,1
2,1
10,0
3,0
11,0
