12,0
19,2
16,2
10,2
13,2
10,2
15,0
14,0
15,0
4,1
16,1
15,1
4,1
1,1
11,1
0,1
1,1
0,1
17,1
10,1
2,1
1,1
8,1
3,0
19,0
19,0
13,2
5,2
6,2
8,2
2,2
9,0
12,0
16,0
15,0
14,0
10,0
15,1
1,1
3,1
6,1
10,1
10,1
11,1
9,1
10,1
15,1
18,1
16,1
6,0
2,0
7,1
16,1
6,1
3,1
9,1
9,1
15,0
16,0
1,0
15,1
11,1
19,1
13,1
5,1
11,1
10,1
3,0
9,0
3,1
19,1
3,1
6,1
10,1
15,1
19,1
15,1
6,1
10,1
9,1
2,1
10,1
9,1
15,1
11,1
2,1
14,1
15,1
10,1
10,1
1,0
1,0
14,0
9,2
9,2
12,2
3,0
2,0
11,0
1,0
12,2
5,2
9,2
7,0
13,0
2,0
6,0
3,1
6,1
9,1
1,1
0,1
13,1
10,1
14,0
1,0
3,0
