0,0
1,0
13,0
6,0
14,0
5,0
3,0
9,0
14,0
10,0
3,0
9,0
19,0
18,0
6,0
3,0
6,0
3,0
9,0
9,0
19,0
9,0
2,0
11,0
14,0
1,0
3,0
10,0
19,0
19,0
8,0
14,0
7,0
0,0
7,0
2,0
14,0
3,0
7,0
16,0
19,0
10,0
2,0
0,0
10,0
10,0
8,0
18,0
18,0
14,0
14,0
9,0
0,0
3,0
19,0
14,0
1,0
0,0
7,0
9,0
19,0
8,0
1,0
10,0
3,0
11,0
3,0
16,0
16,0
7,0
10,0
12,0
19,0
19,0
0,0
11,0
16,0
19,0
14,0
0,0
5,0
16,0
1,0
10,0
19,0
6,2
15,2
10,2
5,2
1,0
1,0
6,0
9,2
16,2
1,2
6,2
18,2
6,2
0,0
19,0
0,0
9,0
7,0
8,0
12,0
16,0
0,0
7,0
7,0
16,0
19,0
3,0
6,0
14,1
9,1
15,1
1,1
8,1
14,1
16,1
11,1
1,1
16,1
8,1
12,1
0,1
19,1
8,1
14,1
12,1
7,1
11,1
14,1
0,1
19,0
16,0
8,0
18,0
1,0
9,0
12,0
6,0
8,2
13,2
1,2
19,2
8,2
16,2
1,2
10,0
1,1
10,1
1,1
10,1
6,1
16,1
7,1
1,1
16,1
8,1
5,1
9,1
1,1
19,1
8,0
12,0
0,0
8,2
9,2
16,2
8,2
14,2
10,2
19,2
7,2
3,2
14,0
19,0
18,0
7,0
7,0
1,0
14,2
1,2
14,2
14,2
11,0
7,0
0,2
15,2
6,2
0,0
13,0
9,0
15,0
16,0
10,0
1,0
11,2
13,2
3,2
1,0
5,0
0,0
10,0
8,0
0,0
16,0
12,2
10,2
1,2
10,2
18,2
8,2
14,2
9,2
15,2
7,0
9,0
6,0
12,2
6,2
17,2
8,2
0,2
14,2
9,2
14,2
5,0
3,0
12,0
19,0
6,0
10,1
9,1
6,1
19,1
12,1
1,1
0,1
3,1
13,1
6,1
6,0
8,0
11,0
3,0
6,0
19,0
3,0
17,0
10,0
