14,0
14,0
5,0
14,0
1,0
11,0
11,0
1,0
14,0
6,0
3,0
13,0
11,0
13,0
7,0
11,0
9,0
10,0
7,0
6,0
7,0
15,0
13,0
15,0
16,0
19,0
19,0
10,0
0,0
1,0
6,0
10,0
0,0
16,0
15,0
1,0
6,0
18,0
0,0
9,0
11,0
9,0
10,0
6,0
11,0
1,0
8,0
9,0
9,0
11,0
6,0
2,0
11,0
19,0
14,0
18,0
19,0
16,0
1,0
6,0
1,0
3,0
19,0
12,0
15,0
1,0
10,0
3,0
8,0
14,0
13,0
13,0
19,0
11,0
10,0
18,0
13,0
16,1
13,1
5,1
3,0
3,2
6,2
11,2
10,2
18,2
13,2
7,2
10,2
15,2
18,0
0,0
11,0
2,0
7,2
6,2
10,2
10,2
11,2
18,2
9,2
1,0
11,0
9,0
7,0
15,0
13,2
3,2
6,2
16,2
4,2
16,2
1,2
13,2
18,1
16,1
0,1
6,1
9,1
19,1
15,1
0,0
10,1
6,1
18,1
10,1
8,1
7,1
11,1
7,1
9,1
9,1
8,1
1,1
3,1
10,1
11,1
14,0
6,0
2,0
9,0
10,0
10,0
2,0
6,2
3,2
12,2
8,2
9,2
5,2
9,0
16,0
3,0
13,2
7,2
16,2
0,2
11,2
19,2
10,0
15,0
14,0
0,0
1,0
0,0
2,1
15,1
13,1
19,1
7,1
16,1
0,1
5,1
18,1
19,1
15,0
14,0
6,1
10,1
10,1
16,1
6,1
11,1
15,1
0,1
4,1
11,1
15,1
15,1
3,1
10,1
17,1
0,1
10,1
7,1
4,1
9,1
9,1
18,1
5,0
10,2
19,2
0,0
7,0
10,0
14,0
14,0
13,0
1,0
0,0
7,2
2,2
6,2
18,0
10,0
9,0
13,0
5,0
11,2
9,2
9,2
11,0
10,0
6,0
18,0
3,0
13,0
14,2
6,2
11,0
13,0
13,0
14,0
11,0
0,0
1,0
3,0
10,0
19,0
6,0
11,0
10,0
10,0
19,0
10,1
3,1
0,1
16,1
11,1
1,1
10,1
7,1
4,1
6,1
6,1
12,1
6,0
7,0
18,0
7,0
14,1
10,1
11,1
0,1
8,1
14,1
13,1
13,1
6,1
15,1
19,1
16,1
17,1
6,1
2,1
10,1
8,1
5,1
5,0
16,0
14,0
14,0
11,0
10,0
16,0
