2,0
10,0
10,0
0,0
7,0
3,0
16,0
11,0
6,0
5,0
1,0
9,0
10,0
2,0
8,0
19,0
10,0
5,0
8,0
0,0
6,0
14,0
7,0
2,0
0,0
5,0
15,0
19,0
10,0
6,0
0,0
9,0
3,0
16,0
18,0
4,0
6,0
5,0
11,0
6,0
17,0
0,0
12,0
2,0
19,0
7,0
3,0
11,0
11,0
7,0
11,0
9,0
19,0
3,1
0,1
19,1
9,1
5,1
6,1
8,1
5,1
14,1
15,1
19,1
10,1
10,1
6,1
10,0
7,0
0,0
18,1
4,1
7,1
18,1
15,1
0,1
19,1
1,1
12,1
0,1
1,1
10,1
10,1
15,1
14,1
7,1
0,0
1,0
10,0
9,0
16,0
9,1
6,1
9,1
2,1
14,1
3,1
4,1
0,1
0,1
9,1
16,1
5,1
1,1
12,1
19,1
3,1
13,1
0,0
7,0
19,2
11,2
3,2
11,2
19,2
16,0
10,0
19,0
19,0
7,1
0,1
15,1
5,1
3,1
9,1
9,1
14,1
5,1
10,0
11,0
11,0
11,0
18,0
3,0
19,2
3,2
16,2
10,2
3,2
12,2
19,0
13,1
10,1
3,1
8,1
17,1
11,1
3,1
1,1
18,1
10,1
14,1
3,1
16,1
10,1
10,1
10,0
6,1
6,1
4,1
7,0
10,2
10,2
1,2
11,2
7,2
16,0
19,1
10,1
10,1
0,1
3,1
2,1
19,0
9,1
4,1
14,1
7,1
0,1
14,1
3,1
13,0
10,0
0,0
8,0
19,0
1,2
7,2
15,2
15,2
4,0
13,0
6,1
4,1
16,1
8,1
18,1
5,1
15,1
13,1
10,1
6,1
18,1
1,1
6,1
19,1
19,1
3,0
7,0
10,0
6,0
11,0
0,0
9,0
18,2
11,2
7,2
14,2
