0,0
15,0
9,0
15,0
19,0
15,0
18,0
11,0
4,0
7,0
19,0
11,0
3,2
7,2
16,2
11,2
2,2
16,2
9,0
1,0
0,0
16,0
9,0
2,0
9,0
11,0
2,0
16,0
7,2
16,2
16,2
14,2
19,2
2,2
10,2
15,2
3,2
9,0
11,0
19,0
1,0
18,0
17,0
13,1
16,1
15,1
3,0
7,2
2,2
6,2
5,2
2,2
2,2
13,2
19,0
4,0
3,0
18,0
0,0
0,0
13,0
7,0
16,2
3,2
11,2
19,2
11,0
7,0
9,0
19,0
11,0
11,0
9,0
6,0
2,0
15,2
19,2
14,2
7,2
0,2
3,2
16,2
18,0
4,0
6,0
9,0
15,0
13,0
16,0
6,0
3,0
0,2
7,2
1,2
10,2
0,2
14,2
7,2
7,0
15,0
16,0
7,0
16,0
9,0
14,0
13,0
1,0
9,0
6,0
7,0
0,0
0,0
6,0
18,2
3,2
5,2
16,2
3,2
3,2
18,0
15,0
18,0
2,0
15,0
6,1
12,1
15,1
3,1
3,1
13,0
7,0
3,0
2,1
16,1
11,1
9,1
16,1
0,0
18,0
9,0
11,0
3,0
11,0
10,0
11,0
18,0
7,2
19,2
6,2
0,2
0,0
2,0
0,2
15,2
9,2
15,2
19,0
15,0
18,0
11,0
4,0
7,0
19,0
11,0
3,0
7,0
16,0
11,0
2,0
16,0
9,0
1,0
0,0
16,0
9,0
2,0
9,0
11,0
2,0
16,0
7,0
16,0
16,0
14,0
19,0
2,0
10,0
15,0
3,0
9,0
11,0
19,0
1,0
18,0
17,0
13,0
16,0
15,0
3,0
7,0
2,0
6,0
5,0
2,0
2,0
13,0
19,0
4,0
3,0
18,0
0,0
0,0
13,0
7,0
16,0
3,0
11,0
19,0
11,0
7,0
9,0
19,0
11,0
11,0
9,0
6,0
2,0
15,0
19,0
14,0
7,0
0,0
3,0
16,0
18,0
4,0
6,0
9,0
15,0
13,0
16,0
6,0
3,0
0,0
7,0
1,0
10,0
0,0
14,0
7,0
7,0
15,0
16,0
7,0
16,0
9,0
14,0
13,0
1,0
9,0
6,0
7,0
0,0
0,0
6,0
18,0
3,0
5,0
16,0
3,0
3,0
18,0
15,0
18,0
2,0
15,0
6,0
12,0
15,0
3,0
3,0
13,0
7,0
3,0
2,0
16,0
11,0
9,0
16,0
0,0
18,0
9,0
11,0
3,0
11,0
10,0
11,0
18,0
7,0
19,0
6,0
0,0
0,0
3,0
0,0
2,0
0,0
15,0
9,0
15,0
19,0
15,0
18,0
11,0
4,0
7,0
19,0
11,0
3,0
7,0
16,0
11,0
2,0
16,0
9,0
1,0
0,0
16,0
9,0
2,0
9,0
11,0
2,0
16,0
7,0
16,0
16,0
14,0
19,0
2,0
10,0
15,0
3,0
9,0
11,0
19,0
1,0
18,0
17,0
13,0
16,0
15,0
3,0
7,0
2,0
6,0
5,0
2,0
2,0
13,0
19,0
4,0
3,0
18,0
0,0
0,0
13,0
7,0
16,0
3,0
11,0
19,0
11,0
7,0
9,0
19,0
11,0
11,0
9,0
6,0
2,0
15,0
19,0
14,0
7,0
0,0
3,0
16,0
18,0
4,0
6,0
9,0
15,0
13,0
16,0
6,0
3,0
0,0
7,0
1,0
10,0
0,0
14,0
7,0
7,0
15,0
16,0
7,0
16,0
9,0
14,0
13,0
1,0
9,0
6,0
7,0
0,0
0,0
6,0
18,0
3,0
5,0
16,0
3,0
3,0
18,0
15,0
18,0
2,0
15,0
6,0
12,0
15,0
3,0
3,0
13,0
7,0
3,0
2,0
16,0
11,0
9,0
16,0
0,0
18,0
9,0
11,0
3,0
11,0
10,0
11,0
18,0
7,0
19,0
6,0
0,0
0,0
0,0
10,0
