15,0
18,0
6,0
16,0
15,0
5,0
8,0
2,0
10,0
3,0
0,0
19,0
6,0
0,0
19,0
10,0
15,0
1,0
10,0
5,0
11,0
5,0
16,0
7,0
6,0
12,0
0,0
0,0
18,0
12,0
19,0
14,0
19,0
7,0
18,0
1,0
0,0
10,0
4,0
19,0
15,0
5,0
1,0
6,0
15,0
12,0
5,0
0,0
10,0
1,0
4,0
15,0
13,0
19,0
5,0
7,0
5,0
15,0
5,0
14,0
10,0
10,0
1,0
7,0
0,0
15,0
15,0
11,0
19,0
12,0
10,0
0,0
18,0
12,0
14,0
0,0
0,0
1,0
4,0
6,0
11,0
9,0
10,0
1,0
18,0
13,1
7,1
6,1
3,1
14,1
16,1
10,1
3,1
11,1
17,1
5,1
15,1
6,1
13,1
6,1
11,1
9,1
1,0
1,2
8,2
7,2
18,2
0,2
19,2
15,2
16,2
15,0
6,0
9,2
3,2
14,2
7,2
19,2
15,2
7,2
9,0
15,0
0,0
14,0
19,0
12,0
11,0
7,0
15,0
11,0
10,0
9,0
7,0
0,0
9,0
15,2
19,2
12,2
0,0
14,0
0,1
8,1
1,1
19,1
6,1
15,1
2,1
11,1
5,1
1,1
9,1
9,1
10,1
8,1
19,1
10,1
5,1
0,1
0,1
1,1
0,1
10,1
