8,0
11,0
7,0
3,0
19,0
12,0
9,2
19,2
3,2
3,2
3,2
0,0
8,0
19,1
1,1
9,1
0,1
19,1
11,1
16,1
9,1
10,1
15,1
3,1
0,1
7,1
13,1
8,1
9,0
9,0
15,2
0,2
3,2
15,2
7,2
7,0
5,1
4,1
9,1
3,1
10,1
10,1
11,1
11,1
7,1
13,1
15,1
7,0
19,0
19,0
10,2
10,2
3,2
9,2
12,2
12,2
14,0
7,0
12,0
3,0
7,0
17,0
3,1
16,1
9,1
1,1
0,1
9,1
10,1
3,1
2,1
15,1
10,1
6,1
5,0
7,0
9,0
0,0
9,0
19,2
12,2
10,2
16,2
0,2
11,2
2,2
0,0
14,0
3,0
0,0
11,0
12,0
9,0
7,0
10,0
5,0
6,1
18,1
19,1
19,1
3,0
18,2
9,2
16,2
11,2
14,2
13,2
3,0
2,0
6,0
3,1
10,1
9,1
6,1
11,1
16,1
16,1
13,1
13,1
12,1
7,1
13,1
19,1
1,1
2,1
5,1
