0,0
16,2
13,2
6,2
9,2
19,2
2,2
1,0
4,0
15,0
18,0
16,0
19,2
17,2
0,2
0,2
0,2
15,2
11,0
7,0
3,0
0,0
0,2
10,2
3,2
0,2
7,2
7,2
1,2
5,2
10,2
2,0
15,0
7,0
6,0
15,2
17,2
16,2
9,2
2,2
19,0
6,0
14,0
7,0
16,0
2,0
7,0
7,2
11,2
9,2
17,2
0,2
1,2
16,2
3,2
4,2
18,2
13,2
3,0
3,0
15,0
7,0
15,0
7,2
9,2
4,2
11,2
16,2
7,0
3,0
4,0
7,0
7,0
10,0
10,0
1,0
4,0
11,0
1,0
13,0
7,0
1,0
14,0
14,0
16,0
16,0
10,2
0,2
6,2
13,2
15,2
10,2
2,2
5,2
18,0
7,0
11,2
3,2
18,2
9,2
3,2
9,2
15,2
2,0
9,0
11,0
7,0
13,0
2,0
19,0
14,0
12,2
3,2
13,2
15,2
14,2
16,0
16,0
1,0
7,0
4,0
1,0
7,0
19,2
1,2
4,2
0,0
0,0
3,1
9,1
19,1
7,1
5,1
4,1
14,1
0,1
11,1
10,1
11,1
0,0
14,0
7,0
7,0
7,0
4,0
2,0
3,1
0,1
4,1
16,1
19,1
13,1
5,1
16,1
15,1
6,1
18,1
4,1
4,1
16,0
16,0
7,0
11,0
4,0
7,0
14,0
16,1
6,1
18,1
15,1
1,1
13,1
13,1
11,1
1,1
10,1
4,1
14,0
3,0
0,2
13,2
15,0
18,0
19,0
10,0
3,0
11,0
14,0
16,0
16,0
19,2
16,2
4,2
14,2
7,0
15,0
15,0
2,0
18,2
1,2
19,2
16,2
13,2
4,0
14,0
16,0
0,0
