1,0
14,0
13,0
11,0
5,0
1,0
1,0
15,0
13,0
0,1
3,1
1,1
4,1
11,1
6,1
19,1
5,1
5,1
9,1
1,1
3,1
5,1
8,1
14,1
15,1
11,1
9,1
14,1
19,1
9,1
9,1
6,0
1,0
18,2
11,2
7,2
6,2
11,2
5,2
10,2
14,2
19,0
10,0
3,0
11,0
16,0
11,0
13,0
10,0
19,0
14,0
3,0
8,0
19,0
2,2
12,2
15,2
6,2
10,2
19,0
11,0
9,0
9,1
1,1
1,1
1,1
10,1
5,1
10,1
2,1
14,1
16,1
5,1
0,1
13,1
13,1
10,0
10,0
19,0
2,0
5,0
8,0
15,0
12,2
19,2
15,2
19,2
15,0
16,0
14,2
9,2
0,0
3,0
9,0
18,0
6,0
5,0
6,1
11,1
3,1
6,1
3,1
7,1
13,1
10,1
18,1
12,1
19,0
18,0
0,0
15,0
5,0
6,2
16,2
13,2
