7,1
9,1
4,1
15,1
15,1
0,1
14,1
16,1
10,1
7,1
6,1
9,1
17,1
11,1
1,1
11,1
10,1
2,1
5,1
10,0
3,0
0,1
11,1
6,1
13,1
12,1
0,1
18,1
1,1
1,1
1,0
13,0
19,2
19,2
15,2
1,2
7,0
16,0
0,1
11,1
10,1
0,1
17,1
9,1
3,1
6,1
1,0
7,0
7,0
19,0
6,0
10,0
11,0
7,0
16,0
19,0
19,0
3,0
10,1
7,1
4,1
7,1
1,1
7,1
15,1
17,1
15,1
18,1
18,1
0,0
0,0
15,0
5,0
14,0
2,0
19,2
1,2
6,2
19,2
11,2
0,2
18,2
16,0
10,0
7,0
16,0
15,1
7,1
8,1
6,1
11,1
14,1
1,1
10,1
19,0
6,0
16,0
13,2
7,2
17,2
2,2
10,2
9,2
16,2
13,2
11,0
15,0
11,0
19,0
3,0
19,0
16,0
11,0
12,0
6,0
14,0
13,0
5,0
0,0
3,0
16,0
19,0
10,0
4,2
3,2
9,2
7,2
6,2
15,2
2,0
14,0
16,0
0,0
0,0
19,0
6,0
0,0
15,0
1,0
16,0
10,0
16,2
19,2
10,2
2,2
19,2
9,2
15,2
1,2
17,0
10,0
6,0
18,0
2,0
5,0
7,0
4,0
7,1
13,1
4,1
19,1
11,1
19,1
10,1
2,1
14,1
18,1
15,1
4,1
3,1
19,1
10,1
6,1
0,1
10,1
12,0
11,0
12,0
5,2
0,2
1,2
13,2
7,2
7,2
7,2
10,2
9,0
1,0
19,0
14,1
10,1
15,1
1,1
2,1
15,1
16,1
8,1
6,1
12,1
18,1
13,1
19,1
15,0
7,0
9,0
11,0
2,2
2,2
9,2
12,2
7,0
2,0
19,0
16,0
0,0
19,0
15,0
1,0
5,0
10,2
10,2
11,2
1,2
12,2
6,2
6,0
0,0
14,0
16,0
10,0
7,1
6,1
9,1
17,1
11,1
1,1
11,1
10,1
2,1
5,1
10,1
3,1
0,1
11,1
6,1
13,1
12,1
0,0
18,0
1,0
1,0
1,0
13,2
19,2
19,2
6,0
19,0
3,0
1,0
2,0
6,0
0,0
1,0
6,0
0,0
10,0
0,0
11,0
7,0
11,0
16,0
2,0
16,0
7,0
8,0
0,0
19,0
15,0
1,0
7,0
16,0
0,0
11,0
10,0
0,0
17,0
9,0
3,0
6,0
1,0
7,0
7,0
19,0
6,0
10,0
11,0
7,0
16,0
19,0
19,0
3,0
10,0
7,0
4,0
7,0
1,0
7,0
15,0
17,0
15,0
18,0
18,0
0,0
0,0
15,0
5,0
14,0
2,0
19,0
1,0
6,0
19,0
11,0
0,0
18,0
16,0
10,0
7,0
16,0
15,0
7,0
8,0
6,0
11,0
14,0
1,0
10,0
19,0
6,0
16,0
13,0
7,0
17,0
2,0
10,0
9,0
16,0
13,0
11,0
15,0
11,0
19,0
3,0
19,0
16,0
11,0
12,0
6,0
14,0
13,0
5,0
0,0
3,0
16,0
19,0
10,0
4,0
3,0
9,0
7,0
6,0
15,0
2,0
14,0
16,0
0,0
0,0
19,0
6,0
0,0
15,0
1,0
16,0
10,0
16,0
19,0
10,0
2,0
19,0
9,0
15,0
1,0
17,0
10,0
6,0
18,0
2,0
5,0
7,0
4,0
7,0
13,0
4,0
19,0
11,0
19,0
10,0
2,0
14,0
18,0
15,0
4,0
3,0
19,0
10,0
6,0
0,0
10,0
12,0
11,0
12,0
5,0
0,0
1,0
13,0
7,0
7,0
7,0
10,0
9,0
1,0
19,0
14,0
10,0
15,0
1,0
2,0
15,0
16,0
8,0
6,0
12,0
18,0
13,0
19,0
15,0
7,0
9,0
11,0
2,0
2,0
9,0
12,0
7,0
2,0
19,0
16,0
0,0
19,0
15,0
1,0
5,0
10,0
10,0
11,0
1,0
12,0
6,0
6,0
5,0
7,0
7,0
6,0
1,0
19,0
19,0
14,0
3,0
18,0
11,0
13,0
15,0
16,0
7,0
16,0
1,0
15,0
2,0
