1,0
18,0
10,0
10,2
19,2
1,2
15,2
10,2
5,2
16,2
13,2
15,1
5,1
0,1
17,1
13,1
16,1
4,1
1,1
1,1
4,1
18,1
1,1
7,1
2,1
10,0
19,2
15,2
9,0
8,0
2,0
13,0
2,1
9,1
2,1
18,1
1,1
9,1
5,1
4,1
15,1
19,1
15,1
0,1
10,1
2,0
5,0
7,0
5,0
19,0
17,2
9,2
7,2
7,2
1,2
9,2
16,2
7,2
15,2
7,2
1,0
4,0
1,0
1,0
13,2
5,2
17,2
19,2
3,2
7,0
15,0
1,0
17,0
2,0
13,0
0,0
18,0
17,0
0,0
0,0
8,0
5,0
14,0
17,0
15,0
1,0
7,0
7,0
8,0
4,0
19,0
0,2
10,2
4,2
16,2
1,2
7,0
7,0
18,0
17,0
1,0
1,2
0,2
8,2
4,2
10,0
1,0
1,0
10,0
14,0
13,2
9,2
4,2
15,2
18,2
1,2
18,0
10,0
10,0
19,0
1,0
15,0
10,0
5,0
16,0
13,0
15,0
5,0
0,0
17,0
13,0
16,0
4,0
1,0
1,0
4,0
18,0
1,0
7,0
2,0
10,0
19,0
15,0
9,0
8,0
2,0
13,0
2,0
9,0
2,0
18,0
1,0
9,0
5,0
4,0
15,0
19,0
15,0
0,0
10,0
2,0
5,0
7,0
5,0
19,0
17,0
9,0
7,0
7,0
1,0
9,0
16,0
7,0
15,0
7,0
1,0
4,0
1,0
1,0
13,0
5,0
17,0
19,0
3,0
7,0
15,0
1,0
17,0
2,0
13,0
0,0
18,0
17,0
0,0
0,0
8,0
5,0
14,0
17,0
15,0
1,0
7,0
7,0
8,0
4,0
19,0
0,0
10,0
4,0
16,0
1,0
7,0
7,0
18,0
17,0
1,0
1,0
0,0
8,0
4,0
10,0
1,0
1,0
10,0
14,0
13,0
9,0
4,0
15,0
18,0
