14,0
2,0
13,0
15,0
7,2
2,2
17,2
11,2
9,2
9,2
1,2
15,2
6,2
2,1
13,1
6,1
6,1
10,1
10,1
11,1
19,1
10,1
7,0
19,0
2,1
19,1
12,1
10,1
1,1
11,1
9,1
17,1
19,1
0,1
0,0
0,0
15,0
11,0
14,0
0,2
19,2
6,2
9,2
11,2
5,2
6,2
7,0
3,0
16,2
13,2
18,2
9,2
11,2
19,2
15,2
16,0
16,0
19,0
17,0
16,2
16,2
6,2
9,2
2,2
13,2
11,2
19,0
7,0
6,0
6,0
13,2
6,2
6,2
5,2
16,0
19,0
3,0
7,0
1,0
14,2
4,2
11,2
15,2
10,2
19,2
11,2
17,2
6,0
15,0
6,0
2,0
11,2
12,2
19,2
4,2
6,2
5,2
11,2
10,2
10,0
11,0
7,0
6,0
7,0
14,0
11,0
16,2
15,2
17,2
16,2
11,2
6,2
10,2
16,0
2,0
3,0
7,0
6,2
10,2
9,2
10,2
16,2
12,2
16,2
0,2
3,0
3,0
19,2
19,2
4,2
16,2
18,2
19,2
13,2
19,2
1,2
6,0
