16,0
18,0
6,0
1,0
16,0
13,0
19,0
11,0
11,0
3,0
0,0
6,0
16,0
11,0
6,0
19,0
10,0
6,0
7,0
0,0
7,0
13,0
11,0
9,0
15,0
2,0
15,0
3,0
7,0
11,0
13,0
10,0
11,0
10,0
16,0
3,0
11,0
3,0
7,0
5,0
15,0
19,0
15,0
9,0
7,0
6,0
7,0
13,0
9,0
3,0
19,0
10,0
0,0
2,0
2,0
18,0
1,0
10,0
16,0
17,0
19,0
0,0
6,0
15,0
3,0
0,0
16,0
19,0
13,0
16,0
15,0
3,0
11,0
15,0
7,0
11,0
13,0
7,0
10,0
2,0
7,0
13,0
0,0
3,0
2,0
16,0
16,0
16,0
18,0
16,0
0,0
19,0
6,0
16,0
2,0
19,0
14,0
3,0
7,0
18,0
3,0
0,0
0,0
0,0
2,0
16,0
3,0
13,0
11,0
0,0
3,0
2,0
15,0
15,0
15,0
3,0
9,0
10,0
3,0
0,0
14,0
18,0
6,0
1,0
16,0
13,0
19,0
11,0
11,0
3,0
0,0
6,0
16,0
11,0
6,0
19,0
10,0
6,0
7,0
0,0
7,0
13,0
11,0
9,0
15,0
2,0
15,0
3,0
7,0
11,0
13,0
10,0
11,0
10,0
16,0
3,0
11,0
3,0
7,0
5,0
15,0
19,0
15,0
9,0
7,0
6,0
7,0
13,0
9,0
3,0
19,0
10,0
0,0
2,0
2,0
18,0
1,0
10,2
16,2
17,2
19,2
0,2
6,2
15,2
3,2
0,2
16,0
19,0
13,0
16,0
15,0
3,0
11,0
15,0
7,0
11,0
13,2
7,2
10,2
2,2
7,2
13,0
0,0
3,0
2,0
16,0
16,2
16,2
18,2
16,2
0,2
19,0
6,0
16,0
2,0
19,0
14,0
3,0
7,0
18,0
3,0
0,0
0,0
0,2
2,2
16,1
3,1
13,1
11,1
0,1
3,1
2,0
15,2
15,2
15,2
3,2
9,2
10,1
3,1
0,1
14,1
15,1
16,0
18,0
6,2
1,2
16,0
13,0
19,0
11,0
11,0
3,2
0,2
6,2
16,2
11,2
6,2
19,2
10,0
6,0
7,0
0,0
7,0
13,0
11,2
9,2
15,2
2,2
15,2
3,2
7,2
11,2
13,2
10,0
11,0
10,0
16,0
3,0
11,0
3,0
7,0
5,2
15,2
19,2
15,0
9,0
7,0
6,0
7,0
13,2
9,2
3,2
19,2
10,2
0,2
2,0
2,0
18,0
1,0
10,0
16,0
17,0
19,0
0,0
6,0
15,0
3,0
0,0
16,0
19,0
13,0
16,0
15,0
3,0
11,0
15,0
7,0
11,0
13,0
7,0
10,0
2,0
7,0
13,0
0,0
3,0
2,0
16,0
16,0
16,0
18,0
16,0
0,0
19,0
6,0
16,0
2,0
19,0
14,0
3,0
7,0
18,0
3,0
0,0
0,0
0,0
2,0
16,0
3,0
13,0
11,0
0,0
3,0
2,0
15,0
15,0
15,0
3,0
9,0
10,0
3,0
0,0
14,0
15,0
16,0
18,0
6,0
1,0
16,0
13,0
19,0
11,0
11,0
3,0
0,0
6,0
16,0
11,0
6,0
19,0
10,0
6,0
7,0
0,0
7,0
13,0
11,0
9,0
15,0
2,0
15,0
3,0
7,0
11,0
13,0
10,0
11,0
10,0
16,0
3,0
11,0
3,0
7,0
5,0
15,0
19,0
15,0
9,0
7,0
6,0
7,0
13,0
9,0
3,0
19,0
10,0
0,0
2,0
2,0
18,0
1,0
10,0
16,0
17,0
19,0
0,0
6,0
15,0
3,0
0,0
16,0
19,0
13,0
16,0
15,0
3,0
11,0
15,0
7,0
11,0
13,0
7,0
10,0
2,0
7,0
13,0
0,0
3,0
2,0
16,0
16,0
16,0
18,0
16,0
0,0
19,0
6,0
16,0
2,0
19,0
14,0
3,0
7,0
18,0
3,0
0,0
0,0
0,0
2,0
16,0
3,0
13,0
11,0
0,0
3,0
2,0
15,0
15,0
15,0
3,0
9,0
10,0
3,0
0,0
14,0
15,0
