12,0
19,0
10,0
10,0
6,0
15,0
6,0
5,0
13,0
10,0
16,0
6,0
10,0
16,0
1,0
10,0
13,0
5,0
11,0
4,0
1,0
15,0
15,0
7,0
15,0
19,0
13,0
9,0
16,0
10,0
11,0
11,0
18,0
3,0
6,0
7,0
10,0
6,0
14,0
0,0
6,0
2,0
11,0
4,0
10,0
10,0
1,0
0,0
16,0
3,0
7,0
11,0
1,0
11,0
9,0
15,0
16,0
19,0
19,0
15,0
15,0
11,0
6,0
19,0
2,0
11,0
13,0
5,0
12,0
0,0
18,0
15,0
2,0
10,0
10,0
1,0
0,0
2,0
12,0
3,0
7,0
10,0
11,0
11,0
1,0
0,0
5,0
7,0
7,0
6,0
5,0
11,0
10,0
13,0
5,0
16,0
17,0
6,0
6,0
13,0
15,0
1,0
0,0
0,0
6,0
11,0
10,0
18,0
10,0
0,0
3,0
14,0
12,0
11,0
19,0
1,0
19,0
19,0
10,0
11,0
18,0
1,0
8,0
19,0
3,0
7,0
2,0
10,0
4,0
9,0
11,0
19,0
16,0
3,0
3,0
10,0
19,0
4,0
10,0
19,0
18,0
1,0
16,0
3,0
5,0
0,0
5,0
3,0
19,0
11,0
11,0
9,0
6,0
11,0
13,0
8,0
15,0
5,0
10,0
12,0
1,0
10,0
12,0
19,0
0,0
11,0
6,0
15,0
1,0
2,0
19,0
