0,0
19,2
15,2
13,2
9,0
7,0
15,0
16,0
6,2
2,2
3,2
19,2
7,0
14,0
15,0
10,0
7,2
15,2
18,2
15,2
1,0
2,0
10,0
14,0
13,0
19,0
18,0
16,0
1,0
2,2
11,2
9,0
7,0
18,0
5,0
2,0
0,0
2,0
19,2
17,2
8,2
9,2
15,2
11,2
7,2
13,2
4,2
19,2
7,2
10,0
3,0
7,0
11,2
19,2
3,2
10,2
14,2
19,2
19,2
7,2
15,0
10,0
3,0
7,0
5,0
15,0
9,0
18,0
7,0
10,0
16,0
6,0
6,0
19,0
7,0
10,0
10,0
9,0
17,0
12,2
7,2
3,2
16,2
11,2
18,2
15,2
1,2
7,0
16,0
0,1
12,1
15,1
7,1
2,1
15,0
17,0
6,0
2,0
19,0
13,0
15,0
7,0
17,2
4,2
19,2
7,2
0,2
2,2
16,2
0,2
15,0
16,0
5,0
7,0
10,0
15,2
19,2
1,2
19,2
16,2
14,2
19,2
9,2
10,2
11,2
1,2
2,2
0,2
1,2
18,0
15,0
19,0
5,0
11,0
16,0
15,0
9,2
7,2
15,2
9,2
1,0
12,0
1,2
14,2
18,2
2,2
7,2
15,2
15,2
0,2
7,2
15,2
19,0
5,0
16,0
16,0
19,0
2,0
13,0
15,0
10,0
2,0
14,0
13,2
16,2
10,2
2,2
3,2
