19,0
9,0
1,0
9,0
0,0
3,0
6,0
1,0
3,0
1,0
19,0
5,0
11,0
11,0
16,0
13,0
16,0
11,0
17,0
19,0
2,0
11,0
8,0
10,0
9,0
11,0
0,0
5,0
1,0
8,0
9,0
15,0
3,0
10,0
18,0
6,0
3,0
10,0
1,0
3,0
7,0
8,0
2,0
10,0
9,0
15,0
10,0
10,0
6,0
19,0
10,0
15,0
7,0
3,0
15,0
10,0
14,0
1,0
6,0
11,0
7,2
1,2
12,0
1,0
13,1
8,1
11,1
10,1
5,1
2,1
19,1
5,1
9,1
0,1
10,1
3,1
18,1
10,1
1,1
8,1
1,1
5,1
19,1
11,1
10,1
19,1
2,1
9,0
1,0
2,0
3,0
3,0
9,0
0,0
3,0
7,0
2,0
14,0
11,0
10,1
16,1
10,1
7,1
10,1
9,1
17,1
16,1
9,1
9,1
10,1
8,1
13,1
5,0
9,0
15,0
3,0
9,0
5,0
19,0
15,0
7,0
5,1
15,1
6,1
3,1
12,1
16,1
0,1
11,1
6,1
11,1
10,1
10,1
10,1
17,1
15,1
5,1
1,1
12,1
19,1
6,0
7,0
18,0
5,0
7,0
10,0
1,0
4,1
3,1
2,1
13,1
16,1
15,1
15,1
17,0
1,1
3,1
7,1
1,1
10,1
13,1
2,1
0,1
9,1
9,1
8,1
1,1
8,1
11,1
14,1
10,1
10,1
9,0
3,0
12,0
2,0
11,0
19,0
18,0
1,0
5,0
16,0
2,0
10,0
6,0
2,1
10,1
3,1
5,1
0,1
13,1
15,1
19,1
0,1
6,1
1,1
3,1
10,1
7,1
19,0
16,0
1,0
10,0
10,0
3,0
14,0
6,0
3,0
19,0
3,0
19,1
14,1
5,1
14,1
3,1
6,0
11,1
15,1
9,1
9,1
16,1
18,1
19,1
15,1
15,1
10,1
18,1
3,1
0,1
12,1
14,1
19,1
9,1
1,1
9,1
3,1
6,1
1,1
3,0
1,0
19,1
5,1
11,1
11,1
16,1
13,1
16,1
11,1
17,1
19,1
2,1
11,1
8,1
10,1
9,1
11,1
0,1
5,1
1,0
8,0
9,0
15,0
3,0
10,1
18,1
6,1
3,1
10,1
1,1
3,0
7,0
8,0
2,0
10,1
9,1
15,1
10,1
10,1
6,1
19,1
10,1
15,1
7,1
3,1
15,1
10,1
14,1
1,1
6,0
11,0
7,0
1,0
12,0
1,0
13,0
8,0
11,0
10,0
5,0
2,0
19,0
5,0
9,0
0,0
10,0
3,0
18,0
10,0
1,0
8,0
1,0
5,0
19,0
11,0
10,0
19,0
2,0
9,0
1,0
2,0
3,0
3,0
9,0
0,0
3,0
7,0
2,0
14,0
11,0
10,0
16,0
10,0
7,0
10,0
9,0
17,0
16,0
9,0
9,0
10,0
8,0
13,0
5,0
9,0
15,0
3,0
9,0
5,0
19,0
15,0
7,0
5,0
15,0
6,0
3,0
12,0
16,0
0,0
11,0
6,0
11,0
10,0
10,0
10,0
17,0
15,0
5,0
1,0
12,0
19,0
6,0
7,0
18,0
5,0
7,0
10,0
1,0
4,0
3,0
2,0
13,0
16,0
15,0
15,0
17,0
1,0
3,0
7,0
1,0
10,0
13,0
2,0
0,0
9,0
9,0
8,0
1,0
8,0
11,0
14,0
10,0
10,0
9,0
3,0
12,0
2,0
11,0
19,0
18,0
1,0
5,0
16,0
2,0
10,0
6,0
2,0
10,0
3,0
5,0
0,0
13,0
15,0
19,0
0,0
6,0
1,0
3,0
10,0
7,0
19,0
16,0
1,0
10,0
10,0
3,0
14,0
6,0
3,0
19,0
3,0
19,0
14,0
5,0
14,0
3,0
6,0
11,0
15,0
9,0
9,0
16,0
18,0
19,0
15,0
15,0
10,0
18,0
3,0
0,0
12,0
14,0
10,0
7,0
0,0
14,0
5,0
2,0
14,0
2,0
0,0
11,0
0,0
0,0
7,0
15,0
1,0
11,0
9,0
8,0
13,0
2,0
17,0
10,0
14,0
14,0
15,0
7,0
11,0
14,0
12,0
7,0
18,0
1,0
19,0
11,0
18,0
17,0
9,0
5,0
7,0
3,0
15,0
6,0
15,0
6,0
0,0
8,0
10,0
10,0
3,0
15,0
11,0
19,0
14,0
15,0
19,0
6,0
10,0
16,0
2,0
10,0
18,0
14,0
18,0
4,0
3,0
18,0
6,0
12,0
11,0
19,0
4,0
0,0
18,0
7,0
0,0
5,0
7,0
6,0
7,0
14,0
18,0
15,0
15,0
10,0
19,0
15,0
4,0
1,0
16,0
8,0
5,0
6,0
19,0
14,0
15,0
6,0
14,0
7,0
1,0
10,0
0,0
13,0
2,0
19,0
19,0
15,0
15,0
16,0
19,0
16,0
5,0
10,0
15,0
17,0
0,0
6,0
14,0
0,0
6,0
16,0
2,0
7,0
6,0
9,0
16,0
0,0
18,0
6,0
19,0
4,0
18,0
7,0
10,0
19,0
2,0
3,0
3,0
2,0
1,0
14,0
9,0
7,0
14,0
12,0
11,0
11,0
19,0
10,0
19,0
3,0
2,0
14,0
11,0
2,0
1,0
12,0
10,0
10,0
9,0
6,0
2,0
10,0
1,0
6,0
15,0
5,0
14,0
18,0
1,0
18,0
16,0
19,0
11,0
0,0
1,0
2,0
7,0
0,0
7,0
17,0
7,0
14,0
6,0
1,0
6,0
0,0
9,0
9,0
2,0
10,0
0,0
16,0
5,0
12,0
15,0
9,0
14,0
9,0
9,0
14,0
3,0
10,0
7,0
0,0
14,0
5,0
2,0
14,0
2,0
0,0
11,0
0,0
0,0
7,0
15,0
1,0
11,0
9,0
8,0
13,0
2,0
17,0
10,0
14,0
14,0
15,0
7,0
11,0
14,0
12,0
7,0
18,0
1,0
19,0
11,0
18,0
17,0
9,0
5,0
7,0
3,0
15,0
6,0
15,0
6,0
0,0
8,0
10,0
10,0
3,0
15,0
11,0
19,0
14,0
15,0
19,0
6,0
10,0
16,0
2,0
10,0
18,0
14,0
18,0
4,0
3,0
18,0
6,0
12,0
11,0
19,0
4,0
0,0
18,0
7,0
0,0
5,0
7,0
6,0
7,0
14,0
18,0
15,0
15,0
10,0
19,0
15,0
4,0
1,0
16,0
8,0
5,0
6,0
19,0
14,0
15,0
6,0
14,0
7,0
1,0
10,0
0,0
13,0
2,0
19,0
19,0
15,0
15,0
16,0
19,0
16,0
5,0
10,0
15,0
17,0
0,0
6,0
14,0
0,0
6,0
16,0
2,0
7,0
6,0
9,0
16,0
0,0
18,0
6,0
19,0
4,0
18,0
7,0
10,0
19,0
2,0
3,0
3,0
2,0
1,0
14,0
9,0
7,0
14,0
12,0
11,0
11,0
19,0
10,0
19,0
3,0
2,0
14,0
11,0
2,0
1,0
12,0
10,0
10,0
9,0
6,0
2,0
10,0
1,0
6,0
15,0
5,0
14,0
18,0
1,0
18,0
16,0
19,0
11,0
0,0
1,0
2,0
7,0
0,0
7,0
17,0
7,0
14,0
6,0
1,0
6,0
0,0
9,0
9,0
2,0
10,0
0,0
16,0
9,0
9,0
14,0
3,0
10,0
7,0
0,0
14,0
5,0
2,0
14,0
2,0
0,0
11,0
0,0
0,0
7,0
15,0
1,0
11,0
9,0
8,0
13,0
2,0
17,0
10,0
14,0
14,0
15,0
7,0
11,0
14,0
12,0
7,0
18,0
1,0
19,0
11,0
18,0
17,0
9,0
5,0
7,0
3,0
15,0
6,0
15,0
6,0
0,0
8,0
10,0
10,0
3,0
15,0
11,0
19,0
14,0
15,0
19,0
6,0
10,0
16,0
2,0
10,0
18,0
14,0
18,0
4,0
3,0
18,0
6,0
12,0
11,0
19,0
4,0
0,0
18,0
7,0
0,0
5,0
7,0
6,0
7,0
14,0
18,0
15,0
15,0
10,0
19,0
15,0
4,0
1,0
16,0
8,0
5,0
6,0
19,0
14,0
15,0
6,0
14,0
7,0
1,0
10,0
0,0
13,0
2,0
19,0
19,0
15,0
15,0
16,0
19,0
16,0
5,0
10,0
15,0
17,0
0,0
6,0
14,0
0,0
6,0
16,0
2,0
7,0
6,0
9,0
16,0
0,0
18,0
6,0
19,0
4,0
18,0
7,0
10,0
19,0
2,0
3,0
3,0
2,0
1,0
14,0
9,0
7,0
14,0
12,0
11,0
11,0
19,0
10,0
19,0
3,0
2,0
14,0
11,0
2,0
1,0
12,0
10,0
10,0
9,0
6,0
2,0
10,0
1,0
6,0
15,0
5,0
14,0
18,0
1,0
18,0
16,0
19,0
11,0
0,0
1,0
2,0
7,0
0,0
7,0
17,0
7,0
14,0
6,0
1,0
6,0
0,0
9,0
9,0
2,0
10,0
0,0
16,0
5,0
14,0
9,0
14,0
9,0
19,0
3,0
0,0
5,0
15,0
7,0
6,0
3,0
18,0
3,0
15,0
13,0
10,0
12,0
