7,0
7,0
7,0
7,0
9,0
10,0
3,0
15,0
12,1
19,1
6,1
11,1
10,1
7,1
11,1
10,1
5,0
18,0
15,0
10,0
3,0
18,0
3,0
13,0
5,0
2,0
2,0
5,0
10,0
10,0
19,0
7,0
9,0
9,0
5,0
0,0
0,0
6,0
10,0
14,0
0,0
10,0
3,0
7,0
16,0
15,0
3,0
14,0
18,0
19,0
11,0
19,0
13,0
10,0
10,0
14,0
3,0
11,0
11,0
11,0
11,0
13,0
6,0
16,0
11,0
19,0
8,0
1,0
11,0
16,0
10,0
2,0
14,0
19,0
13,0
2,0
6,0
5,0
13,0
16,0
13,0
11,0
19,0
14,0
18,0
15,0
6,0
10,0
7,0
7,0
11,0
16,0
10,0
19,0
12,0
0,0
19,0
18,0
3,0
13,0
3,0
1,0
13,0
15,0
11,0
8,0
3,0
9,0
9,0
7,0
6,0
13,0
11,0
19,0
14,0
12,0
2,0
16,0
19,0
3,0
13,0
7,0
8,0
19,0
16,0
6,0
6,0
17,0
1,0
3,0
10,0
5,0
15,0
0,0
