16,0
19,0
10,0
3,0
15,1
9,1
10,1
6,1
7,1
19,1
1,1
0,1
3,1
19,1
0,1
0,1
1,1
6,1
0,1
15,1
19,1
15,1
10,1
15,1
6,1
9,1
11,1
0,1
0,1
0,1
0,1
0,1
0,1
14,1
14,1
14,1
10,1
3,0
19,0
12,0
0,0
0,1
10,1
1,1
6,1
14,1
7,1
9,1
7,1
19,0
9,0
0,0
6,2
19,2
11,2
1,2
0,2
15,2
14,0
15,0
0,2
7,2
0,0
10,0
0,0
16,2
9,2
0,0
3,0
14,0
0,0
11,0
10,1
0,1
5,1
0,1
18,1
5,1
3,1
7,1
7,1
0,1
1,1
9,1
19,0
15,0
19,0
19,2
16,2
6,2
5,2
1,2
1,0
13,0
5,0
7,0
15,0
10,0
3,0
3,0
10,1
3,1
0,1
19,1
1,1
0,1
15,1
19,1
15,1
9,1
14,1
19,1
10,0
1,0
11,0
3,2
13,2
19,2
19,2
5,0
14,0
18,0
5,0
9,1
8,1
6,1
0,1
1,1
0,1
8,1
7,1
0,1
3,1
12,1
10,0
10,0
10,0
9,2
19,2
0,2
0,2
10,2
6,0
5,1
15,1
19,1
10,1
19,1
15,1
12,1
10,1
3,1
1,1
16,1
6,1
15,1
10,1
7,1
12,1
16,1
0,1
10,0
19,0
6,2
19,2
8,2
16,2
6,2
5,2
6,0
0,1
3,1
1,1
0,1
10,1
11,1
0,1
7,1
0,1
11,1
19,1
9,0
7,0
19,0
2,2
0,2
1,2
3,2
10,2
12,0
16,0
10,0
3,0
19,0
3,0
1,0
3,0
4,0
13,0
0,0
1,1
9,1
0,1
14,1
7,1
10,1
14,1
15,1
15,1
19,1
9,0
1,0
9,0
0,0
6,2
15,2
7,2
19,2
1,2
7,0
16,0
0,0
3,0
10,1
10,1
0,1
18,1
0,1
7,1
0,1
7,1
0,1
3,1
0,1
19,0
10,0
19,0
7,2
6,2
7,2
10,2
19,1
16,1
15,1
7,1
3,1
14,1
1,0
0,0
0,1
19,1
0,1
3,1
10,1
19,1
16,1
0,1
7,1
