11,0
16,0
10,0
7,0
6,0
19,0
17,1
11,1
1,1
6,1
10,1
2,1
10,1
10,1
3,1
11,1
1,1
5,0
13,0
6,1
10,1
18,1
11,1
1,1
16,1
3,1
9,1
19,1
6,1
19,1
3,0
1,0
3,2
16,2
0,2
1,2
1,1
8,1
10,1
0,1
6,1
7,1
11,1
19,1
3,1
16,1
7,0
19,0
0,0
19,0
15,0
1,0
7,0
16,0
0,0
11,0
10,1
1,1
17,1
13,1
8,1
6,1
1,1
7,1
18,1
19,1
11,1
10,1
6,0
7,0
1,0
19,0
9,0
3,0
10,2
7,2
4,2
7,2
1,2
7,2
7,0
17,0
4,0
18,0
18,1
0,1
0,1
0,1
5,1
11,1
6,1
19,1
15,1
7,0
19,0
11,0
7,2
13,2
16,2
10,2
7,2
1,2
3,2
7,0
8,0
6,0
11,0
14,0
12,0
2,0
19,0
5,0
15,0
10,0
7,0
17,0
2,0
9,0
9,0
16,1
13,1
11,1
3,0
11,2
16,2
3,2
9,2
8,0
1,0
10,0
6,0
14,0
19,0
11,0
4,0
3,0
16,0
10,0
10,0
4,0
3,0
9,2
7,2
6,2
15,2
15,0
15,0
15,0
15,0
19,0
16,0
6,0
7,1
6,1
1,1
16,1
19,1
1,1
19,1
10,1
3,1
16,1
19,1
6,1
11,1
17,1
10,1
0,1
4,1
7,1
19,1
3,1
2,1
13,0
4,0
19,0
11,0
19,2
10,2
0,2
14,2
18,2
12,2
14,0
3,0
19,0
10,0
6,1
11,1
10,1
6,1
10,1
10,1
5,1
1,1
1,1
13,1
7,1
7,1
16,1
19,1
9,1
1,1
2,0
14,2
10,2
15,2
1,0
2,0
15,0
16,0
8,0
6,0
12,0
18,0
18,0
19,0
15,0
7,2
0,2
1,2
15,2
2,0
19,0
16,0
13,0
16,0
19,1
2,1
5,1
16,1
15,1
1,1
10,1
10,1
12,1
1,1
1,1
12,1
1,1
1,1
14,1
16,1
7,1
11,1
19,1
16,0
10,0
6,0
0,0
3,0
19,2
9,2
10,2
14,2
9,0
7,0
16,0
1,0
15,0
19,0
