15,0
11,0
7,1
6,1
11,1
10,1
13,1
16,1
7,1
19,0
19,0
14,2
9,2
10,2
19,2
6,2
10,2
3,2
7,2
3,2
19,2
2,2
7,0
8,0
11,2
13,2
15,2
19,2
15,2
7,2
6,2
7,2
6,2
7,2
3,2
0,2
16,1
18,1
7,1
11,0
12,2
15,2
10,2
11,2
13,2
9,2
4,2
16,2
16,0
7,0
11,0
10,0
14,0
19,0
14,0
17,1
14,1
16,1
10,1
11,1
16,1
16,0
10,0
12,0
5,0
4,0
13,0
0,1
1,1
18,1
14,1
3,1
8,0
12,0
11,1
5,1
8,1
3,1
13,1
13,1
11,1
15,1
0,1
12,1
14,1
6,1
7,1
18,0
19,0
5,0
6,0
1,2
16,2
9,2
13,2
13,2
11,2
3,2
3,2
7,2
2,0
18,0
11,0
16,0
1,2
0,2
6,2
19,2
11,2
13,2
6,2
7,2
3,2
16,2
10,2
19,0
2,0
1,2
9,2
6,2
10,2
11,2
7,2
19,2
3,2
13,2
11,2
6,2
3,0
7,0
2,0
9,0
10,0
7,0
8,0
11,0
10,0
6,0
18,0
2,0
0,0
9,0
15,0
7,0
2,0
0,0
2,0
9,2
16,2
0,2
3,2
11,2
5,2
11,2
2,2
7,1
9,1
11,1
0,1
18,2
13,2
16,2
9,2
1,2
8,2
3,2
19,2
6,2
3,2
7,2
15,0
19,0
10,0
10,0
0,0
3,2
8,2
18,2
5,2
5,2
2,2
16,2
14,2
9,2
7,2
3,2
7,2
14,0
19,0
10,0
10,0
14,0
3,0
2,0
8,0
18,0
10,0
15,0
16,2
5,2
15,2
11,2
5,2
15,2
11,2
3,2
14,2
2,2
6,0
11,0
1,0
3,0
8,0
12,0
19,0
10,0
10,2
6,2
13,2
19,2
16,2
0,2
0,2
7,2
9,2
14,2
10,2
