10,0
3,0
16,0
16,0
17,0
11,0
6,0
0,2
16,2
10,2
14,2
5,1
19,1
11,1
0,1
12,1
10,1
6,1
11,1
3,1
16,0
7,0
11,0
19,0
15,2
7,2
3,2
16,0
19,0
16,2
18,2
15,2
7,0
11,0
16,0
19,0
8,2
19,2
19,2
0,2
0,2
0,2
19,2
10,2
14,0
7,0
13,0
14,0
13,0
14,0
15,0
13,0
6,0
19,2
8,2
3,2
11,0
11,0
2,0
14,0
16,0
10,0
6,2
9,2
14,2
0,2
7,2
0,0
16,0
19,0
3,2
19,2
16,2
13,2
9,2
2,2
16,2
2,2
11,0
7,0
13,0
7,0
8,0
15,0
13,0
3,0
9,0
16,2
11,2
11,2
7,0
14,0
14,0
18,0
0,0
19,0
12,0
14,0
19,0
9,0
3,0
14,0
9,0
19,0
0,2
7,2
16,2
7,2
13,0
15,0
14,0
19,0
14,0
11,0
3,0
7,0
11,0
13,0
7,2
18,2
16,2
2,2
13,2
16,2
17,2
8,2
14,2
16,0
0,0
7,0
16,0
18,2
18,2
18,2
19,2
4,2
5,2
9,0
14,0
7,0
8,0
0,0
0,1
16,1
7,1
5,1
13,1
7,0
11,2
9,2
19,2
19,2
11,2
10,2
3,2
16,0
16,0
17,0
11,0
6,0
0,0
16,0
10,0
14,0
5,0
19,0
11,0
0,0
12,0
10,0
6,0
11,0
3,0
16,0
7,0
11,0
19,0
15,0
7,0
3,0
16,0
19,0
16,0
18,0
15,0
7,0
11,0
16,0
19,0
8,0
19,0
19,0
0,0
0,0
0,0
19,0
10,0
14,0
7,0
13,0
14,0
13,0
14,0
15,0
13,0
6,0
19,0
8,0
3,0
11,0
11,0
2,0
14,0
16,0
10,0
6,0
9,0
14,0
0,0
7,0
0,0
16,0
19,0
3,0
19,0
16,0
13,0
9,0
2,0
16,0
2,0
11,0
7,0
13,0
7,0
8,0
15,0
13,0
3,0
9,0
16,0
11,0
11,0
7,0
14,0
14,0
18,0
0,0
19,0
12,0
14,0
19,0
9,0
3,0
14,0
9,0
19,0
0,0
7,0
16,0
7,0
13,0
15,0
14,0
19,0
14,0
11,0
3,0
7,0
11,0
13,0
7,0
18,0
16,0
2,0
13,0
16,0
17,0
8,0
14,0
16,0
0,0
7,0
16,0
18,0
18,0
18,0
19,0
4,0
5,0
9,0
14,0
7,0
8,0
0,0
0,0
16,0
7,0
5,0
13,0
7,0
11,0
9,0
19,0
19,0
11,0
