12,0
6,0
18,0
5,2
10,2
5,2
5,2
10,2
0,0
15,0
10,2
16,2
10,2
19,2
7,2
9,2
11,2
6,2
16,2
18,2
6,0
2,1
7,1
1,1
5,1
0,1
5,1
5,1
8,1
9,1
0,1
7,1
13,1
17,1
5,1
1,1
4,1
18,1
5,1
6,1
7,1
19,1
9,1
0,1
3,1
10,1
5,1
10,1
11,1
2,1
2,0
7,0
3,0
10,0
0,0
7,0
9,2
10,2
7,2
10,2
4,2
9,2
14,2
6,0
10,0
3,0
7,0
11,0
12,2
15,2
18,2
12,2
9,2
0,2
19,2
16,2
7,0
3,0
2,0
15,0
0,1
3,1
9,1
0,1
11,1
18,1
3,2
19,2
9,2
16,2
10,2
0,0
15,0
15,2
11,2
18,2
12,2
19,2
13,2
6,2
0,2
5,2
7,0
0,0
19,0
14,1
11,1
0,1
19,1
5,1
5,1
11,1
12,1
6,1
6,1
19,1
8,1
8,1
18,1
9,1
8,1
5,1
18,1
5,1
0,0
2,0
16,0
19,0
11,0
15,0
0,0
14,0
13,2
13,2
6,2
10,2
18,2
5,0
3,0
7,0
3,0
16,0
16,0
15,0
6,0
11,0
18,0
9,2
16,2
6,2
9,2
17,2
12,2
14,2
19,2
11,0
7,1
10,1
6,1
8,1
8,1
8,1
8,1
8,1
8,1
