7,0
7,0
15,0
19,2
9,2
19,2
9,2
3,0
15,1
11,1
0,1
0,1
17,1
3,1
0,1
5,1
10,1
0,1
11,1
7,1
11,1
6,1
6,1
8,1
11,0
14,0
9,2
19,2
19,2
3,2
13,2
16,2
0,0
16,0
17,0
4,1
7,1
14,1
4,1
11,1
12,1
9,1
0,1
14,1
10,1
13,1
6,1
16,1
10,1
15,1
2,1
3,1
18,1
0,0
7,0
11,0
19,0
9,2
13,2
10,2
11,2
19,2
3,2
19,0
3,0
0,0
19,1
0,1
0,1
19,1
0,1
6,1
0,1
0,1
7,1
9,0
16,0
0,0
12,0
14,0
16,2
13,2
8,2
19,2
18,2
11,2
3,0
7,0
19,2
11,2
0,2
3,2
3,2
10,2
19,2
7,0
0,0
15,1
5,1
3,1
11,1
10,1
11,1
0,1
10,1
19,1
0,1
11,1
8,1
0,1
0,1
0,1
7,0
7,0
15,0
19,0
9,0
19,0
9,0
3,0
15,0
11,0
0,0
0,0
17,0
3,0
0,0
5,0
10,0
0,0
11,0
7,0
11,0
6,0
6,0
8,0
11,0
14,0
9,0
19,0
19,0
3,0
13,0
16,0
0,0
16,0
17,0
4,0
7,0
14,0
4,0
11,0
12,0
9,0
0,0
14,0
10,0
13,0
6,0
16,0
10,0
15,0
2,0
3,0
18,0
0,0
7,0
11,0
19,0
9,0
13,0
10,0
11,0
19,0
3,0
19,0
3,0
0,0
19,0
0,0
0,0
19,0
0,0
6,0
0,0
0,0
7,0
9,0
16,0
0,0
12,0
14,0
16,0
13,0
8,0
19,0
18,0
11,0
3,0
7,0
19,0
11,0
0,0
3,0
3,0
10,0
19,0
7,0
0,0
15,0
5,0
3,0
11,0
10,0
11,0
0,0
10,0
19,0
0,0
11,0
8,0
0,0
0,0
0,0
