7,0
0,0
12,0
19,0
9,0
6,0
11,0
6,0
3,0
19,0
6,0
16,0
2,0
0,0
15,0
2,0
7,0
5,0
1,0
19,0
3,0
10,0
15,0
15,0
6,0
10,0
3,0
11,0
10,0
11,0
11,0
10,0
6,0
2,0
0,0
16,0
19,0
8,0
12,0
6,0
13,0
11,0
14,0
3,0
0,0
11,0
0,0
14,0
0,0
13,0
18,0
2,0
10,0
13,0
15,0
19,0
15,0
15,0
0,0
16,0
11,0
11,0
3,0
6,0
18,0
13,0
16,0
12,0
0,0
19,0
18,0
2,0
2,0
16,0
0,0
16,0
10,0
6,0
7,0
1,0
7,0
15,0
3,0
7,0
11,0
5,0
13,0
18,0
2,0
2,0
18,0
2,0
3,0
0,0
14,0
10,0
11,0
19,0
11,0
14,0
7,0
5,0
17,0
2,0
15,0
19,0
16,0
13,0
16,0
19,0
6,0
11,0
14,0
16,0
0,0
6,0
10,0
14,0
11,0
7,2
1,2
19,2
1,2
10,2
18,2
19,2
2,2
7,2
19,2
10,1
15,1
1,1
16,1
15,1
10,0
1,2
15,2
7,2
2,0
13,0
9,0
11,1
3,1
12,1
14,1
3,1
19,1
16,1
8,0
19,0
5,0
9,2
7,2
0,2
16,2
11,2
1,2
0,2
2,2
2,2
16,0
19,0
17,0
7,0
15,0
2,0
10,2
5,2
9,2
1,2
2,2
10,2
16,2
19,2
18,0
2,0
1,0
0,0
10,0
16,0
14,0
6,2
6,2
19,2
5,2
11,2
1,2
15,2
