7,0
13,0
5,0
9,0
14,0
0,0
16,0
9,0
16,0
6,0
1,0
18,0
11,0
19,0
7,0
1,0
16,0
9,0
7,0
3,0
7,0
2,0
13,0
0,0
19,0
19,0
11,0
6,0
4,0
19,0
6,0
1,0
15,0
16,0
0,0
1,0
6,0
18,0
0,0
10,0
11,0
9,0
9,0
11,0
11,0
15,0
11,0
4,0
1,0
7,0
11,0
6,0
8,0
12,0
9,0
5,0
2,0
6,0
19,0
15,0
9,0
10,0
1,0
1,0
19,0
11,0
8,0
14,0
2,0
9,0
19,0
10,0
10,0
9,0
6,0
6,0
12,0
3,0
19,0
14,0
16,0
6,0
10,0
18,0
10,0
19,0
12,0
6,0
10,0
19,0
11,0
7,0
7,0
3,0
10,0
13,0
3,0
0,0
9,0
16,0
15,0
16,0
2,0
11,0
18,0
16,0
6,0
1,0
3,0
0,0
15,0
7,0
12,0
10,0
18,0
2,0
10,0
0,0
15,0
0,0
9,0
11,0
18,0
10,0
8,0
15,0
10,0
2,0
9,0
19,0
8,0
1,0
3,0
9,0
11,0
14,0
6,0
2,0
10,0
10,0
19,0
18,0
6,0
8,0
5,0
3,0
7,0
15,0
11,0
15,0
10,0
11,0
10,0
7,0
3,0
13,0
7,0
10,0
0,0
16,0
9,0
19,0
3,0
7,0
14,0
10,0
18,0
16,0
19,0
4,0
7,0
16,0
14,0
16,0
18,0
19,0
0,0
14,0
6,0
9,0
9,0
0,0
6,0
16,0
7,0
18,0
7,0
10,0
11,0
19,0
3,0
9,0
17,0
0,0
0,0
7,0
19,0
9,0
16,0
18,0
9,0
10,0
10,0
4,0
7,0
13,0
14,0
14,0
13,0
1,0
7,0
15,0
3,0
5,0
6,0
19,0
10,0
13,0
3,0
5,0
9,0
10,0
12,0
7,0
5,0
19,0
3,0
13,0
14,0
15,0
14,0
18,0
17,0
3,0
2,0
19,0
15,0
3,0
15,0
0,0
11,0
6,0
10,0
9,0
16,0
12,0
12,0
10,0
10,0
19,0
3,0
19,0
3,0
5,0
1,0
13,0
15,0
0,0
19,0
5,0
19,0
10,0
6,0
8,0
14,0
17,0
19,0
2,0
13,0
5,0
9,0
14,0
0,0
16,0
9,0
16,0
6,0
1,0
18,0
11,0
19,0
7,0
1,0
16,0
9,0
7,0
3,0
7,0
2,0
13,0
0,0
19,0
19,0
11,0
6,0
4,0
19,0
6,0
1,0
15,0
16,0
0,0
1,0
6,0
18,0
0,0
10,0
11,0
9,0
9,0
11,0
11,0
15,0
11,0
4,0
1,0
7,0
11,0
6,0
8,0
12,0
9,0
5,0
2,0
6,0
19,0
15,0
9,0
10,0
1,0
1,0
19,0
11,0
8,0
14,0
2,0
9,0
19,0
10,0
10,0
9,0
6,0
6,0
12,0
3,0
19,0
14,0
16,0
6,0
10,0
18,0
10,0
19,0
12,0
6,0
10,0
19,0
11,0
7,0
7,0
3,0
10,0
13,0
3,0
0,0
9,0
16,0
15,0
16,0
2,0
11,0
18,0
16,0
6,0
1,0
3,0
0,0
15,0
7,0
12,0
10,0
18,0
2,1
10,1
0,1
15,1
0,1
9,1
11,1
18,2
10,2
8,2
15,2
10,2
2,2
9,2
19,2
8,2
1,0
3,0
9,0
11,2
14,2
6,2
2,2
10,2
10,2
19,2
18,2
6,0
8,0
5,0
3,0
7,0
15,2
11,2
15,2
10,2
11,2
10,2
7,2
3,2
13,0
7,0
10,0
0,0
16,0
9,0
19,0
3,0
7,0
14,0
10,0
18,0
16,1
19,1
4,1
7,1
16,1
14,1
16,1
18,0
19,0
0,0
14,0
6,0
9,0
9,0
0,0
6,0
16,2
7,2
18,2
7,2
10,2
11,2
19,0
3,0
9,0
17,2
0,2
0,2
7,2
19,2
9,2
16,2
18,0
9,0
10,0
10,0
4,0
7,1
13,1
14,1
14,1
13,1
1,1
7,1
15,1
5,1
6,1
19,0
10,0
13,1
3,1
5,1
9,1
10,1
12,1
7,1
5,1
19,1
3,1
13,1
14,1
15,1
14,1
18,1
17,1
3,1
2,1
19,1
15,1
3,1
15,1
0,0
11,2
6,2
10,0
9,0
16,0
12,0
12,1
10,1
10,1
19,0
3,2
19,2
3,2
5,2
1,2
13,0
15,0
0,0
19,0
5,0
19,2
10,2
6,2
8,2
14,2
17,0
19,0
2,0
