0,0
4,0
16,0
11,0
2,0
0,0
9,0
0,0
5,0
16,0
7,0
13,0
2,1
11,1
3,1
11,1
18,1
13,1
2,2
7,2
3,2
19,2
17,2
18,2
19,2
16,2
3,2
18,2
10,2
3,2
10,0
6,1
14,1
3,1
3,1
19,1
14,0
11,0
1,0
18,0
4,2
0,2
0,2
10,2
0,2
0,2
7,2
16,2
0,2
15,0
7,0
11,2
10,2
11,2
6,2
0,2
10,2
18,2
8,2
18,2
3,0
14,0
11,0
16,0
5,0
3,0
16,2
13,2
18,2
3,2
19,2
15,2
6,2
10,2
5,2
19,2
6,2
15,2
10,0
7,0
11,2
18,2
16,2
0,2
2,2
13,0
11,2
11,2
19,2
3,0
11,0
2,0
7,0
2,0
19,2
11,2
19,2
0,0
19,0
16,0
0,0
7,0
2,2
18,2
18,2
16,2
13,2
16,2
19,2
12,2
18,2
0,2
3,0
3,0
15,0
15,2
0,2
10,2
9,2
8,2
16,2
4,2
10,2
8,2
11,2
7,0
2,0
11,2
3,2
10,2
7,2
3,2
10,2
18,2
0,2
19,2
10,2
2,2
1,0
2,0
11,0
3,0
0,0
0,0
0,0
7,1
3,1
11,1
19,1
11,1
15,1
0,1
19,1
15,1
0,1
0,1
16,0
10,0
6,1
13,1
15,1
11,1
13,1
9,2
15,2
16,0
11,0
6,0
2,0
2,0
4,0
0,0
18,0
3,1
2,1
3,1
15,1
10,1
11,1
15,1
10,1
10,1
16,0
11,0
