0,1
10,1
17,1
5,1
13,1
2,1
7,1
12,1
9,1
11,1
4,1
11,1
9,1
14,0
15,0
15,0
6,1
14,1
10,1
10,1
3,1
13,1
2,0
2,0
18,0
7,0
4,0
18,0
4,0
7,0
10,0
7,0
7,0
15,0
7,0
16,0
14,0
19,0
3,1
3,1
10,1
3,1
1,1
4,1
4,1
5,1
16,1
8,1
3,1
2,1
4,1
18,1
11,1
5,1
0,1
11,1
11,1
10,1
3,1
15,1
4,1
11,1
19,1
10,1
19,0
3,0
2,1
14,1
18,1
16,1
2,1
2,0
18,0
15,0
18,2
15,2
4,2
15,2
2,0
2,0
6,2
9,2
16,2
4,2
15,0
15,0
6,0
2,0
2,1
0,1
4,1
6,1
0,1
13,1
9,1
4,1
2,1
4,1
3,1
1,1
2,1
0,1
0,1
9,1
4,1
13,1
15,1
11,1
19,0
14,0
18,0
2,1
11,1
6,1
8,1
11,0
2,0
10,0
3,1
11,1
11,1
2,1
4,1
