0,0
13,0
3,0
7,2
16,2
17,2
11,2
19,2
3,2
1,2
2,2
6,2
2,1
18,1
6,1
11,1
13,1
12,1
6,1
11,1
12,1
7,0
9,0
2,1
19,1
19,1
11,1
1,1
11,1
10,1
7,1
0,1
8,1
3,0
2,0
10,0
11,2
10,2
16,2
9,2
16,2
5,2
6,2
7,0
2,0
11,2
13,2
16,2
19,2
11,2
6,2
15,2
15,0
2,0
13,0
1,0
2,2
9,2
3,2
2,2
19,2
13,2
6,2
10,0
7,0
19,0
3,0
13,2
0,2
18,2
15,2
10,0
0,0
3,0
7,0
16,0
6,2
10,2
16,2
7,2
16,2
17,2
16,2
12,2
6,2
7,0
2,0
11,2
10,2
19,2
7,2
11,2
13,2
11,2
1,2
19,0
3,0
2,0
7,0
11,0
6,2
10,2
9,2
0,2
19,2
1,2
6,2
9,2
15,2
7,0
2,0
6,2
10,2
9,2
5,2
16,2
18,2
16,2
18,2
6,0
7,0
19,2
6,2
0,2
11,2
1,2
9,2
13,2
11,2
11,2
6,0
