11,0
3,0
9,0
19,0
10,0
16,0
5,2
15,2
8,0
11,0
13,0
12,0
15,2
16,2
15,2
19,0
7,0
3,0
1,0
19,0
15,0
9,2
16,2
4,2
11,2
0,2
15,2
5,2
3,0
19,0
7,0
16,0
0,0
19,0
0,0
17,2
18,2
5,2
5,2
11,2
14,2
7,0
5,0
15,0
14,0
11,0
10,0
10,2
9,2
18,2
17,2
0,2
15,0
16,0
1,0
8,2
16,2
7,0
19,0
14,0
3,0
1,0
13,0
16,0
7,2
15,2
7,2
15,2
7,2
16,2
3,0
13,0
16,2
10,2
16,2
9,2
15,2
2,2
19,0
5,0
15,0
6,1
3,1
10,1
0,1
3,1
18,0
13,2
4,2
5,2
5,2
18,2
15,2
15,0
18,0
14,0
10,0
16,0
13,0
7,2
0,2
7,0
16,0
11,0
10,2
6,2
5,2
19,2
5,0
10,0
5,0
6,0
15,0
7,0
7,0
6,0
10,0
19,0
1,0
14,0
7,0
0,0
15,0
19,0
11,0
10,0
15,0
4,0
11,0
0,0
15,0
7,0
18,0
16,2
13,2
16,2
15,2
18,2
17,0
9,0
2,0
17,2
19,2
11,0
5,0
1,0
14,0
7,0
5,2
7,2
10,2
6,2
17,2
9,2
7,2
2,2
9,0
18,0
14,1
15,1
3,1
15,1
18,1
16,0
2,2
18,2
2,2
5,2
11,2
13,2
11,0
3,0
11,0
0,0
16,0
10,2
16,2
19,2
3,2
11,2
15,2
15,2
15,2
16,0
0,0
18,0
12,0
5,2
10,2
15,2
15,2
10,0
16,1
15,1
6,1
3,1
15,0
0,0
19,2
18,2
13,2
4,2
0,2
1,2
17,1
7,1
18,1
17,0
7,2
5,2
7,2
16,2
10,2
19,2
16,0
19,0
15,0
