15,0
10,0
19,0
19,0
14,0
2,0
10,0
12,0
7,0
2,0
11,0
3,0
11,0
0,0
3,0
1,0
5,0
11,0
19,0
12,0
15,0
3,0
10,1
19,1
0,1
10,1
6,1
15,1
16,1
10,1
3,1
12,1
18,1
1,1
10,1
3,1
2,1
2,1
1,1
18,1
14,1
16,1
16,1
6,1
5,1
7,1
10,1
1,1
0,1
10,1
19,1
15,1
11,1
14,1
16,1
19,0
5,0
14,0
6,0
14,0
1,0
2,0
18,1
1,1
5,1
3,1
7,1
18,1
9,0
1,0
1,0
10,0
14,0
5,0
3,0
14,0
17,0
7,0
7,0
3,0
18,0
5,0
10,0
10,0
2,0
14,0
7,0
5,0
18,0
15,0
3,0
9,0
3,0
9,0
13,0
15,0
14,0
7,0
14,2
3,2
7,2
19,0
14,0
2,0
16,0
6,0
3,0
3,0
9,0
7,2
2,2
17,2
16,2
10,0
15,0
10,0
19,0
19,0
14,0
2,0
10,0
12,0
7,0
2,0
11,0
3,2
11,2
0,0
3,1
1,1
5,1
11,1
19,0
12,0
15,0
3,0
10,0
19,0
0,0
10,0
6,0
15,0
16,0
10,0
3,0
12,0
18,0
1,0
10,0
3,0
2,0
2,0
1,0
18,0
14,0
16,0
16,0
6,0
5,0
7,0
10,0
1,0
0,0
10,0
19,0
15,0
11,0
14,0
16,0
19,0
5,0
14,0
6,0
14,0
1,0
2,0
18,0
1,0
5,0
3,0
7,0
18,0
9,0
1,0
1,0
10,0
14,0
5,0
3,0
14,0
17,0
7,0
7,0
3,0
18,0
5,0
10,0
10,0
2,0
14,0
7,0
5,0
18,0
15,0
3,0
9,0
3,0
9,0
13,0
15,0
14,0
7,0
14,0
3,0
7,0
19,0
14,0
2,0
16,0
6,0
3,0
3,0
9,0
7,0
2,0
17,0
16,0
10,0
7,0
2,0
0,0
5,0
14,0
