15,0
19,0
14,0
15,0
5,0
11,0
16,0
18,0
5,0
7,0
15,0
18,0
7,0
13,0
1,0
10,0
7,0
13,0
10,0
8,0
15,0
7,0
16,0
0,0
11,0
15,0
19,0
16,0
4,0
16,0
18,0
15,0
14,0
0,0
10,0
2,0
11,0
12,0
13,0
4,0
5,0
10,0
0,0
11,0
16,0
4,0
14,0
19,0
5,0
10,0
17,0
19,0
3,0
15,0
16,0
14,0
14,0
14,0
7,0
16,0
1,0
19,0
1,0
0,0
12,0
0,0
9,0
18,0
11,0
5,0
15,0
5,0
8,0
12,0
16,0
6,0
19,0
19,0
1,0
1,0
4,0
14,0
8,0
8,0
6,0
1,0
4,0
15,0
3,0
15,0
3,0
7,0
10,0
0,0
14,0
14,0
5,0
8,0
10,0
9,0
1,0
19,0
6,0
7,1
2,1
10,1
1,1
19,1
6,0
18,2
10,2
3,2
3,0
1,0
2,0
16,0
13,0
1,0
8,0
15,0
19,0
19,0
19,0
14,2
18,2
6,2
14,2
14,0
6,0
19,0
7,0
15,2
3,2
4,2
16,2
16,0
9,0
8,0
18,0
2,0
18,2
12,2
4,2
2,2
15,2
15,2
4,0
12,0
7,0
7,0
12,0
2,0
1,0
1,0
14,0
9,2
10,2
16,2
9,2
9,2
16,2
10,2
6,2
3,0
15,1
15,1
7,1
2,1
10,1
10,0
7,0
1,0
2,0
15,0
13,0
6,1
19,1
8,1
19,1
4,1
0,1
4,0
14,0
7,0
1,0
3,0
1,0
1,0
16,0
6,0
6,0
6,0
2,0
15,0
19,2
14,2
15,2
5,2
11,0
16,0
18,0
5,0
7,0
15,2
18,2
7,2
13,2
1,0
10,0
7,0
13,0
10,0
8,0
15,2
7,2
16,2
0,2
11,2
15,2
19,0
16,0
4,0
16,0
18,0
15,0
14,0
0,0
10,0
2,0
11,2
12,2
13,2
4,2
5,2
10,2
0,2
11,0
16,0
4,0
14,0
19,0
5,0
10,0
17,0
19,0
3,0
15,0
16,0
14,0
14,0
14,2
7,2
16,2
1,2
19,2
1,2
0,2
12,2
0,0
9,0
18,0
11,0
5,0
15,2
5,2
8,2
12,2
16,2
6,2
19,2
19,2
1,2
1,2
4,2
14,0
8,0
8,1
6,1
1,1
4,1
15,1
3,1
15,1
3,1
7,1
10,1
0,1
14,1
14,0
5,0
8,0
10,0
9,0
1,0
19,0
6,0
7,0
2,0
10,0
1,0
19,0
6,0
18,0
10,0
3,0
3,0
1,0
2,0
16,0
13,0
1,0
8,0
15,0
19,0
19,0
19,0
14,0
18,0
6,0
14,0
14,0
6,0
19,0
7,0
15,0
3,0
4,0
16,0
16,0
9,0
8,0
18,0
2,0
18,0
12,0
4,0
2,0
15,0
15,0
4,0
12,0
7,0
7,0
12,0
2,0
1,0
1,0
14,0
9,0
10,0
16,0
9,0
9,0
16,0
10,0
6,0
3,0
15,0
15,0
7,0
2,0
10,0
10,0
7,0
1,0
2,0
15,0
13,0
6,0
19,0
8,0
19,0
4,0
0,0
4,0
14,0
7,0
1,0
3,0
1,0
1,0
16,0
6,0
6,0
6,0
2,0
10,0
15,0
19,0
14,0
15,0
5,0
11,0
16,0
18,0
5,0
7,0
15,0
18,0
7,0
13,0
1,0
10,0
7,0
13,0
10,0
8,0
15,0
7,0
16,0
0,0
11,0
15,0
19,0
16,0
4,0
16,0
18,0
15,0
14,0
0,0
10,0
2,0
11,0
12,0
13,0
4,0
5,0
10,0
0,0
11,0
16,0
4,0
14,0
19,0
5,0
10,0
17,0
19,0
3,0
15,0
16,0
14,0
14,0
14,0
7,0
16,0
1,0
19,0
1,0
0,0
12,0
0,0
9,0
18,0
11,0
5,0
15,0
5,0
8,0
12,0
16,0
6,0
19,0
19,0
1,0
1,0
4,0
14,0
8,0
8,0
6,0
1,0
4,0
15,0
3,0
15,0
3,0
7,0
10,0
0,0
14,0
14,0
5,0
8,0
10,0
9,0
1,0
19,0
6,0
7,0
2,0
10,0
1,0
19,0
6,0
18,0
10,0
3,0
3,0
1,0
2,0
16,0
13,0
1,0
8,0
15,0
19,0
19,0
19,0
14,0
18,0
6,0
14,0
14,0
6,0
19,0
7,0
15,0
3,0
4,0
16,0
16,0
9,0
8,0
18,0
2,0
18,0
12,0
4,0
2,0
15,0
15,0
4,0
12,0
7,0
7,0
12,0
2,0
1,0
1,0
14,0
9,0
10,0
16,0
9,0
9,0
16,0
10,0
6,0
3,0
15,0
15,0
7,0
2,0
10,0
10,0
7,0
1,0
2,0
15,0
13,0
6,0
19,0
8,0
19,0
4,0
0,0
4,0
14,0
7,0
1,0
3,0
1,0
1,0
16,0
6,0
6,0
6,0
2,0
10,0
15,0
19,0
14,0
15,0
5,0
11,0
16,0
18,0
5,0
7,0
15,0
18,0
7,0
13,0
1,0
10,0
7,0
13,0
10,0
8,0
15,0
7,0
16,0
0,0
11,0
15,0
19,0
16,0
4,0
16,0
18,0
15,0
14,0
0,0
10,0
2,0
11,0
12,0
13,0
4,0
5,0
10,0
0,0
11,0
16,0
4,0
14,0
19,0
5,0
10,0
17,0
19,0
3,0
15,0
16,0
14,0
14,0
14,0
7,0
16,0
1,0
19,0
1,0
0,0
12,0
0,0
9,0
18,0
11,0
5,0
15,0
5,0
8,0
12,0
16,0
6,0
19,0
19,0
1,0
1,0
4,0
14,0
8,0
8,0
6,0
1,0
4,0
15,0
3,0
15,0
3,0
7,0
10,0
0,0
14,0
14,0
5,0
8,0
10,0
9,0
1,0
19,0
6,0
7,0
2,0
10,0
1,0
19,0
6,0
18,0
10,0
3,0
3,0
1,0
2,0
16,0
13,0
1,0
8,0
15,0
19,0
19,0
19,0
14,0
18,0
6,0
14,0
14,0
6,0
19,0
7,0
15,0
3,0
4,0
16,0
16,0
9,0
8,0
18,0
2,0
18,0
12,0
4,0
2,0
15,0
15,0
4,0
12,0
7,0
7,0
12,0
2,0
1,0
1,0
14,0
9,0
10,0
16,0
9,0
9,0
16,0
10,0
6,0
3,0
15,0
15,0
7,0
2,0
10,0
10,0
7,0
1,0
2,0
15,0
13,0
6,0
19,0
8,0
19,0
4,0
0,0
4,0
14,0
7,0
1,0
3,0
1,0
1,0
16,0
6,0
6,0
6,0
2,0
10,0
