6,0
10,0
10,0
11,0
14,0
1,0
16,0
10,0
0,0
3,0
10,1
9,1
1,1
9,1
10,1
8,1
6,1
10,1
13,1
0,1
7,1
3,1
6,1
19,0
2,0
19,0
6,0
6,0
19,1
5,1
0,1
19,1
10,1
6,1
0,1
18,1
6,1
15,1
2,1
14,1
0,0
6,0
17,1
0,1
10,1
18,1
0,1
11,1
13,1
3,1
5,1
18,0
1,0
18,0
16,0
1,0
2,0
10,0
19,2
3,2
5,2
7,2
2,2
7,2
11,0
13,0
2,0
10,0
12,0
9,0
10,2
4,2
17,2
7,2
6,2
7,2
8,2
7,0
15,0
15,0
9,0
8,0
3,0
8,0
16,2
3,2
15,0
8,0
4,0
13,0
10,0
11,2
10,2
10,2
5,2
7,2
2,2
10,2
11,2
6,0
16,0
10,2
13,2
3,2
17,2
14,2
3,2
11,0
11,0
15,0
2,0
6,0
12,0
9,0
11,0
11,0
15,0
6,0
1,0
16,0
10,2
1,2
6,2
2,2
5,2
4,0
0,0
18,0
9,0
2,2
3,2
15,2
9,2
7,0
10,0
8,0
1,0
19,0
6,2
2,2
19,2
15,2
8,2
16,0
6,0
14,0
0,0
19,0
15,0
10,0
8,2
10,2
18,2
15,2
14,2
14,2
13,2
3,2
16,0
4,0
8,0
0,0
13,2
3,2
5,2
1,2
16,2
7,0
8,0
11,0
2,0
11,0
19,0
16,2
12,2
16,2
13,2
8,2
15,0
11,0
13,0
7,0
9,2
1,2
16,0
14,0
