8,0
8,0
8,0
8,0
15,0
16,0
0,0
6,0
0,0
7,0
9,0
16,1
7,1
16,1
17,1
18,1
2,1
5,1
10,2
7,2
15,2
16,2
10,2
9,0
19,0
16,0
0,0
7,2
0,2
3,2
7,2
0,2
10,2
16,0
7,0
16,0
18,0
6,2
15,2
0,2
19,2
7,2
2,2
0,2
6,0
7,0
15,0
18,0
19,0
10,0
16,0
7,0
1,0
18,2
3,2
15,2
0,2
14,2
0,2
16,2
3,0
7,0
15,0
7,0
16,0
0,0
10,0
7,0
17,0
16,0
19,2
0,2
17,2
11,2
2,2
2,2
18,2
1,2
2,2
0,2
8,0
15,0
0,0
15,0
16,2
17,2
15,2
7,2
5,2
18,2
19,2
7,2
7,2
0,2
6,2
0,2
1,2
9,0
2,0
16,0
5,0
19,0
10,2
16,2
16,2
15,2
7,2
16,2
16,2
6,2
0,2
2,2
0,0
17,0
11,0
15,0
16,0
10,1
19,1
7,1
8,1
3,0
16,2
13,2
16,2
11,2
19,2
11,2
14,2
