10,0
0,0
11,0
1,0
9,2
9,2
0,2
4,2
10,2
3,2
19,2
11,2
3,2
7,0
1,0
19,2
19,2
11,0
7,0
16,0
2,0
13,0
6,0
2,0
10,0
1,0
3,0
15,0
7,0
3,0
14,1
19,1
6,1
10,1
7,1
11,1
13,1
18,1
15,1
6,1
9,1
7,1
9,1
3,0
6,0
10,2
19,2
13,2
10,2
3,2
9,2
16,0
0,0
15,1
19,1
6,1
11,1
1,1
11,1
16,1
12,1
10,1
6,1
10,1
19,1
6,1
11,1
19,1
0,1
6,1
5,1
9,1
3,1
9,0
14,0
13,0
16,2
19,2
7,2
7,2
7,0
9,0
8,0
3,0
13,1
6,1
16,1
0,1
15,1
6,1
10,1
9,1
10,1
1,1
7,1
0,1
3,0
11,0
19,2
15,2
9,2
2,2
16,1
0,1
0,1
19,1
6,1
2,1
14,1
15,1
10,1
9,1
16,1
5,1
9,1
0,1
5,1
16,1
13,1
7,1
15,1
5,0
0,0
19,0
19,2
19,2
0,2
9,2
3,2
0,2
11,2
1,2
19,2
3,2
7,0
6,0
13,2
12,2
19,2
13,2
16,2
18,2
15,0
7,0
11,0
11,0
2,2
16,2
7,2
9,2
10,2
10,2
1,1
3,1
17,1
19,1
19,1
6,1
19,1
6,1
11,1
1,1
7,1
0,1
7,0
6,0
9,2
10,2
10,2
16,2
15,2
9,2
3,0
1,0
3,0
7,0
16,0
11,0
15,0
7,0
18,0
3,0
16,1
6,1
12,1
9,1
1,1
13,1
19,1
1,1
14,1
10,1
16,1
16,1
10,0
14,0
9,0
9,2
0,2
15,2
7,2
7,0
0,0
7,0
11,0
12,1
6,1
8,1
13,1
10,1
6,1
0,1
13,1
10,1
0,1
7,1
0,0
3,0
0,0
0,2
10,2
0,2
0,2
15,1
19,1
13,1
8,1
13,1
1,1
6,0
9,0
3,0
19,1
1,1
6,1
10,1
11,1
6,1
18,1
10,1
11,1
11,1
8,1
7,1
19,0
2,0
19,0
1,0
10,0
6,0
