4,0
8,0
14,0
4,0
14,0
17,0
6,0
17,0
16,0
13,0
13,0
5,0
7,0
2,0
4,0
18,0
13,0
12,0
15,0
2,0
15,0
5,0
1,0
2,0
17,0
8,0
3,0
15,0
9,0
16,0
0,0
4,0
11,0
6,0
19,0
7,0
0,0
5,0
10,0
19,0
19,0
9,0
11,0
15,0
0,0
6,0
6,0
5,0
2,0
13,0
10,0
5,0
10,0
5,0
15,0
15,0
1,0
15,0
2,0
1,0
13,0
16,0
17,0
12,0
7,0
10,0
15,0
3,0
10,0
2,0
5,0
6,0
7,0
16,0
17,0
5,0
17,0
19,0
3,0
7,0
15,0
14,0
10,0
10,0
14,0
15,0
13,0
11,0
5,0
18,0
17,0
2,0
1,0
7,0
6,0
14,0
2,0
2,0
19,0
7,0
6,0
6,0
3,0
4,0
0,0
6,0
13,0
15,0
7,0
2,0
7,0
17,0
2,0
3,0
3,0
11,0
4,0
2,0
10,0
0,0
11,0
13,0
17,0
9,0
4,0
11,0
11,0
15,0
0,0
0,0
15,0
4,0
