15,0
19,0
1,0
9,0
0,0
19,0
18,0
7,2
16,2
10,2
1,2
11,2
7,0
11,0
14,0
10,0
8,0
17,0
18,0
10,0
11,0
7,1
0,1
11,1
13,1
10,1
7,1
6,0
3,0
17,2
9,2
6,2
7,2
18,2
5,2
10,2
18,2
13,2
6,2
18,2
10,2
14,2
18,2
0,2
19,0
11,0
7,0
11,2
7,2
11,2
10,2
11,2
19,2
6,2
19,2
18,2
6,2
19,2
3,2
11,2
6,2
16,2
13,2
6,2
1,1
9,1
2,1
6,1
9,1
6,1
9,1
7,1
16,1
7,1
18,1
1,1
10,1
19,1
6,1
19,0
15,2
16,2
11,2
13,2
7,2
11,2
0,0
13,0
10,0
17,0
6,0
17,0
7,2
15,2
11,2
14,2
1,2
7,2
11,0
1,0
9,0
11,0
15,0
7,0
3,2
13,2
3,0
6,0
9,0
1,0
10,0
6,0
8,1
8,1
8,1
8,1
8,1
8,1
