15,0
7,0
5,0
16,0
10,0
3,0
10,0
19,0
2,0
10,0
7,0
19,0
0,0
0,0
2,0
13,0
0,0
9,0
10,0
15,0
11,0
16,0
7,0
9,0
16,0
3,0
19,0
18,0
11,0
15,0
0,0
9,0
16,0
7,0
3,0
9,0
7,0
19,0
15,0
14,1
0,1
0,1
0,1
16,1
18,0
9,2
16,2
7,2
13,2
7,2
10,0
16,0
5,0
3,2
15,2
15,2
16,2
16,0
18,0
0,0
16,2
15,2
14,2
5,0
19,2
16,2
7,2
10,2
9,0
18,0
0,0
0,1
3,1
18,1
15,0
16,2
14,2
16,0
14,0
15,0
1,0
10,0
16,0
16,0
0,0
19,0
7,0
3,0
12,0
5,0
9,0
0,0
18,0
3,0
2,2
0,2
0,0
7,0
1,2
10,2
2,2
14,0
3,0
13,0
10,0
2,0
10,1
7,1
0,1
7,1
16,1
9,1
7,1
7,1
11,1
16,1
10,1
16,1
14,1
7,1
10,1
18,1
11,1
17,1
16,1
15,1
16,1
10,1
2,0
9,0
14,0
16,0
3,0
9,2
16,2
9,0
15,1
7,1
15,1
15,1
16,1
3,0
19,0
17,0
9,0
13,2
5,2
19,0
0,0
7,2
2,2
10,2
2,2
12,2
15,0
15,0
0,0
19,2
1,2
9,2
16,0
10,0
0,0
7,2
7,2
0,2
5,2
0,0
11,0
2,0
9,0
13,0
17,0
5,2
16,2
0,2
7,2
0,2
19,0
16,0
10,0
7,2
15,2
16,2
15,0
8,0
13,0
6,0
7,0
2,2
9,2
10,2
15,2
5,0
16,0
7,0
9,1
2,1
12,1
11,0
16,2
0,2
0,2
15,2
9,2
2,0
7,0
1,0
12,2
12,2
0,2
5,0
16,0
0,0
19,0
16,2
10,2
5,2
12,2
2,2
16,2
19,2
16,2
9,0
14,0
5,0
15,2
7,2
5,2
16,0
10,0
3,0
10,0
19,2
2,2
10,2
7,2
19,2
0,2
0,2
2,2
13,0
0,0
9,0
10,2
15,2
11,2
16,2
7,0
9,0
16,2
3,2
19,2
18,0
11,0
15,0
0,0
9,0
16,0
7,0
3,0
9,0
7,0
19,0
15,0
14,0
0,0
0,0
0,0
16,0
18,0
9,0
16,0
7,0
13,0
7,0
10,0
16,0
5,0
3,0
15,0
15,0
16,0
16,0
18,0
0,0
16,0
15,0
14,0
5,0
19,0
16,0
7,0
10,0
9,0
18,0
0,0
0,0
3,0
18,0
15,0
16,0
14,0
16,0
14,0
15,0
1,0
10,0
16,0
16,0
0,0
19,0
7,0
3,0
12,0
5,0
9,0
0,0
18,0
3,0
2,0
0,0
0,0
7,0
1,0
10,0
2,0
14,0
3,0
13,0
10,0
2,0
10,0
7,0
0,0
7,0
16,0
9,0
7,0
7,0
11,0
16,0
10,0
16,0
14,0
7,0
10,0
18,0
11,0
17,0
16,0
15,0
16,0
10,0
2,0
9,0
14,0
16,0
3,0
9,0
16,0
9,0
15,0
7,0
15,0
15,0
16,0
3,0
19,0
17,0
9,0
13,0
5,0
19,0
0,0
7,0
2,0
10,0
2,0
12,0
15,0
15,0
0,0
19,0
1,0
9,0
16,0
10,0
0,0
7,0
7,0
0,0
5,0
0,0
11,0
2,0
9,0
13,0
17,0
5,0
16,0
0,0
7,0
0,0
19,0
16,0
10,0
7,0
15,0
16,0
15,0
8,0
13,0
6,0
7,0
2,0
9,0
10,0
15,0
5,0
16,0
7,0
9,0
2,0
12,0
11,0
16,0
0,0
0,0
15,0
9,0
2,0
7,0
1,0
12,0
12,0
0,0
5,0
16,0
0,0
19,0
16,0
10,0
5,0
12,0
2,0
16,0
19,0
16,0
9,0
14,0
