1,0
0,0
6,0
1,0
3,0
9,0
15,0
12,0
19,0
19,0
15,0
7,0
10,0
16,0
14,0
11,0
6,0
19,0
12,0
9,0
19,0
5,0
11,0
13,0
0,0
6,0
11,0
18,0
1,0
10,0
0,0
10,0
16,0
3,0
19,0
9,0
16,0
6,0
6,0
16,0
16,0
8,0
19,0
9,0
9,0
11,0
16,0
3,0
0,0
6,0
13,0
19,0
4,0
6,0
1,0
16,0
10,0
11,0
18,0
13,0
10,0
7,0
9,0
0,0
7,0
7,0
11,0
17,0
9,0
19,0
15,0
18,0
15,0
17,0
19,0
9,0
11,0
15,0
9,0
5,0
6,0
1,0
11,0
10,0
10,0
15,0
19,0
8,0
6,0
13,0
6,0
19,0
11,0
7,0
3,0
19,0
19,0
16,0
7,0
15,0
2,0
8,0
5,0
7,0
14,0
1,0
1,0
15,0
1,0
6,0
15,0
5,0
10,0
13,0
6,0
7,0
10,0
5,0
9,0
18,0
4,0
4,0
6,0
14,0
13,0
16,0
2,0
12,0
14,0
11,0
3,0
6,0
10,0
6,0
1,0
12,0
10,0
5,0
10,0
4,0
7,0
0,0
15,0
19,0
19,0
11,0
6,0
10,0
14,0
10,0
10,0
16,0
1,0
3,0
16,0
7,0
0,0
8,0
14,0
9,0
19,0
10,0
19,0
5,0
1,0
10,0
19,0
12,0
17,0
3,0
17,0
19,0
10,0
3,0
15,0
9,0
15,0
19,0
18,0
1,0
4,0
1,0
3,0
10,0
3,0
0,0
18,0
10,0
19,0
5,0
