12,0
10,0
16,0
6,0
7,0
9,0
15,0
9,2
5,2
15,0
18,0
3,0
7,0
8,0
16,2
13,2
7,0
0,2
10,2
19,2
7,2
15,0
14,0
0,0
11,0
0,0
14,0
0,2
14,2
19,2
9,2
19,2
9,2
0,2
5,0
3,0
9,0
13,0
7,0
19,0
2,1
0,1
13,1
12,1
1,1
6,1
16,1
19,1
15,1
17,1
10,1
19,1
3,1
5,1
7,0
18,0
0,2
0,2
19,2
4,2
14,2
3,0
10,1
18,1
0,1
1,1
5,1
0,0
14,0
7,0
16,0
0,0
10,0
3,0
14,0
5,0
3,1
6,1
1,1
5,1
1,1
6,1
5,1
0,1
18,1
11,1
10,1
17,1
5,1
0,1
13,1
3,1
12,1
6,1
0,1
7,1
19,1
7,1
3,1
10,1
6,1
0,1
0,1
9,1
8,1
18,1
0,1
1,1
8,1
5,0
14,0
18,0
15,2
2,2
7,2
11,2
19,2
7,2
10,2
19,2
7,2
18,2
15,1
10,1
7,1
7,1
0,1
10,1
0,1
13,1
10,1
19,1
0,1
0,1
11,1
7,1
18,0
19,0
3,0
1,2
0,2
19,2
7,2
18,2
18,0
7,0
19,0
7,1
10,1
6,1
11,1
5,1
10,1
2,1
11,1
19,1
14,1
6,1
19,1
11,0
8,0
14,0
0,2
10,2
13,2
8,2
12,2
7,2
7,0
5,0
3,0
8,0
13,0
19,0
14,1
0,1
14,1
15,1
1,1
5,1
10,1
9,1
16,1
6,1
7,1
13,1
7,1
0,1
2,0
14,0
10,0
10,2
5,2
19,2
8,2
17,2
18,2
6,0
6,0
0,0
7,0
8,0
15,0
13,0
0,0
1,0
16,0
15,0
15,0
15,0
3,0
18,0
19,1
0,1
15,1
0,1
0,1
0,1
10,1
0,1
2,1
6,1
1,1
16,1
10,1
3,1
13,1
10,1
0,1
14,1
10,1
5,1
15,1
