16,0
15,0
0,0
11,0
15,0
2,0
10,0
12,0
10,0
9,0
10,0
10,0
7,0
10,0
5,0
12,0
11,0
6,0
9,0
15,0
2,0
15,0
3,0
10,0
18,0
11,0
10,0
11,0
6,0
19,0
1,0
15,0
19,0
19,0
16,0
15,0
10,0
0,0
15,0
13,0
10,0
13,0
5,0
5,0
5,0
2,0
19,0
7,0
19,0
12,0
11,0
15,0
13,0
3,0
15,0
10,0
6,0
11,0
6,0
0,0
13,0
1,0
3,0
10,0
19,0
2,0
1,0
10,0
19,0
15,0
5,0
7,0
10,0
9,0
7,0
10,0
11,0
3,0
11,0
16,0
15,0
6,0
16,0
13,0
3,0
10,0
10,0
14,0
10,0
11,0
2,0
10,0
13,0
6,0
18,0
0,0
6,0
11,0
1,0
9,0
15,0
19,0
10,0
12,0
11,0
10,0
5,0
4,0
18,0
16,0
7,0
16,0
19,0
5,0
10,0
15,0
8,0
19,0
5,0
6,0
11,0
10,0
8,0
10,0
14,0
18,0
9,0
16,0
16,0
2,0
7,0
9,0
19,0
3,0
19,0
13,0
11,0
6,0
4,0
10,0
11,0
1,0
16,0
11,0
11,0
5,0
18,0
14,0
6,0
19,0
10,0
11,0
2,0
17,0
17,0
9,0
3,0
10,0
3,0
15,0
7,0
9,0
10,0
10,0
8,0
10,0
6,0
18,0
0,0
0,0
