3,0
11,0
0,2
16,2
9,0
14,0
15,0
6,0
15,0
14,0
13,2
0,2
0,0
0,1
6,1
19,1
0,0
3,0
7,0
0,0
9,2
19,2
19,2
3,2
9,2
0,2
11,0
12,0
11,2
18,2
6,0
16,0
14,0
6,2
10,2
8,2
19,2
11,0
19,0
7,0
3,0
16,2
19,2
16,2
17,2
9,2
2,2
1,0
6,0
0,0
12,0
14,0
8,0
2,0
19,0
8,2
13,2
19,0
0,0
7,0
19,0
10,0
7,0
6,0
0,0
0,0
10,2
11,2
7,0
14,0
12,0
12,0
11,0
11,0
6,0
5,2
0,2
18,2
15,2
10,2
16,2
13,2
16,0
6,0
0,0
7,2
16,2
18,2
3,2
18,2
8,2
4,2
16,0
14,0
8,2
14,2
13,2
12,2
1,2
7,2
11,2
19,2
19,2
19,2
6,0
3,0
11,0
0,0
16,0
9,0
14,0
15,0
6,0
15,0
14,0
13,0
0,0
0,0
0,0
6,0
19,0
0,0
3,0
7,0
0,0
9,0
19,0
19,0
3,0
9,0
0,0
11,0
12,0
11,0
18,0
6,0
16,0
14,0
6,0
10,0
8,0
19,0
11,0
19,0
7,0
3,0
16,0
19,0
16,0
17,0
9,0
2,0
1,0
6,0
0,0
12,0
14,0
8,0
2,0
19,0
8,0
13,0
19,0
0,0
7,0
19,0
10,0
7,0
6,0
0,0
0,0
10,0
11,0
7,0
14,0
12,0
12,0
11,0
11,0
6,0
5,0
0,0
18,0
15,0
10,0
16,0
13,0
16,0
6,0
0,0
7,0
16,0
18,0
3,0
18,0
8,0
4,0
16,0
14,0
8,0
14,0
13,0
12,0
1,0
7,0
11,0
19,0
19,0
19,0
6,0
3,0
11,0
0,0
16,0
9,0
14,0
15,0
6,0
15,0
14,0
13,0
0,0
0,0
0,0
6,0
19,0
0,0
3,0
7,0
0,0
9,0
19,0
19,0
3,0
9,0
0,0
11,0
12,0
11,0
18,0
6,0
16,0
14,0
6,0
10,0
8,0
19,0
11,0
19,0
7,0
3,0
16,0
19,0
16,0
17,0
9,0
2,0
1,0
6,0
0,0
12,0
14,0
8,0
2,0
19,0
8,0
13,0
19,0
0,0
7,0
19,0
10,0
7,0
6,0
0,0
0,0
10,0
11,0
7,0
14,0
12,0
12,0
11,0
11,0
6,0
5,0
0,0
18,0
15,0
10,0
16,0
13,0
16,0
6,0
0,0
7,0
16,0
18,0
3,0
18,0
8,0
4,0
16,0
14,0
8,0
14,0
13,0
12,0
1,0
7,0
11,0
19,0
19,0
19,0
6,0
3,0
11,0
0,0
16,0
9,0
14,0
15,0
6,0
15,0
14,0
13,0
0,0
0,0
0,0
6,0
19,0
0,0
3,0
7,0
0,0
9,0
19,0
19,0
3,0
9,0
0,0
11,0
12,0
11,0
18,0
6,0
16,0
14,0
6,0
10,0
8,0
19,0
11,0
19,0
7,0
3,0
16,0
19,0
16,0
17,0
9,0
2,0
1,0
6,0
0,0
12,0
14,0
8,0
2,0
19,0
8,0
13,0
19,0
0,0
7,0
19,0
10,0
7,0
6,0
0,0
0,0
10,0
11,0
7,0
14,0
12,0
12,0
11,0
11,0
6,0
5,0
0,0
18,0
15,0
10,0
16,0
13,0
16,0
6,0
0,0
7,0
16,0
18,0
3,0
18,0
8,0
4,0
16,0
14,0
8,0
14,0
13,0
12,0
1,0
7,0
11,0
19,0
19,0
19,0
6,0
