8,0
15,0
15,0
7,0
10,0
19,0
14,0
1,0
7,0
15,2
18,2
10,2
13,2
11,2
18,2
9,2
9,2
9,0
7,0
3,0
16,0
7,0
19,1
7,1
11,1
15,1
4,1
10,1
10,1
10,1
5,1
13,1
16,1
3,1
11,0
1,0
13,0
5,0
14,0
9,0
7,0
19,0
6,0
13,0
7,0
0,0
1,0
12,2
19,2
2,2
9,2
3,2
7,2
11,2
5,2
9,0
11,0
10,2
5,2
9,2
17,2
3,2
16,2
0,2
7,2
5,0
6,0
15,0
13,1
1,1
15,1
9,1
16,1
1,0
15,0
18,0
18,1
1,1
7,1
0,1
0,1
7,1
0,0
10,0
10,0
19,2
18,2
3,2
9,2
16,2
1,2
1,2
6,0
16,0
13,1
2,1
8,1
10,1
16,1
15,1
17,1
10,1
6,1
3,1
0,1
1,1
5,1
8,1
15,1
15,1
15,1
2,1
12,1
19,0
9,0
12,0
10,0
9,2
7,2
2,2
11,2
15,2
3,2
10,2
6,0
15,0
1,0
1,1
3,1
19,1
11,1
1,1
6,0
6,0
7,1
6,1
0,1
13,1
0,1
1,1
6,1
8,1
7,1
10,1
9,1
13,1
12,1
6,0
16,2
15,2
0,2
11,2
16,2
0,0
4,0
2,0
19,0
6,0
6,0
0,1
13,1
9,1
2,1
16,1
0,1
11,1
6,1
9,1
18,1
1,1
11,1
9,1
5,1
5,1
7,1
10,1
13,1
