1,0
15,0
10,0
2,0
4,2
16,2
10,2
1,2
3,2
15,2
5,2
5,2
11,0
15,0
10,0
19,0
12,2
15,2
7,2
14,2
18,0
6,0
10,0
11,0
0,0
10,2
8,2
10,2
5,2
7,0
5,0
3,1
12,1
6,1
5,1
5,1
19,1
19,1
17,1
15,0
12,0
15,2
13,2
19,2
5,2
7,2
6,0
6,0
15,0
2,0
11,0
9,0
14,0
19,0
0,0
10,2
7,2
10,2
11,2
6,2
11,2
2,2
10,0
18,0
10,0
15,0
4,2
19,2
10,2
11,2
3,2
3,2
11,2
14,2
16,0
10,0
5,2
10,2
6,2
15,2
19,2
3,2
14,2
11,2
2,0
18,0
14,0
11,0
11,0
11,0
12,0
6,0
11,0
1,0
13,0
19,1
13,1
2,1
11,1
9,0
6,2
9,2
2,2
2,2
11,2
10,2
6,0
13,0
6,2
15,2
0,2
5,2
13,2
14,2
2,0
13,0
18,0
9,0
15,0
16,0
15,2
5,2
0,2
6,0
2,0
12,0
14,0
19,0
13,0
10,2
7,2
7,0
5,2
3,2
9,2
16,0
3,0
13,0
16,0
12,0
5,0
13,0
19,0
15,0
