5,0
9,0
11,0
6,0
9,0
11,0
11,0
6,0
5,0
10,0
15,0
7,0
15,0
14,0
17,0
9,0
10,0
10,0
1,0
6,0
2,0
6,0
19,0
15,0
16,0
10,0
18,0
11,0
7,0
6,0
18,0
8,0
1,0
0,0
14,0
19,0
0,0
9,0
11,0
19,0
13,0
11,0
11,0
10,0
5,0
0,0
7,0
15,0
9,0
0,0
9,0
19,0
1,0
5,0
16,0
13,0
2,0
11,0
6,0
9,0
11,0
16,0
12,0
11,0
11,0
13,0
6,0
15,0
14,0
2,0
9,0
10,0
1,0
9,0
13,0
7,0
9,0
4,0
9,0
3,0
6,0
16,0
19,0
16,0
14,0
14,0
5,0
13,0
15,0
9,0
19,0
12,0
6,0
18,0
4,0
6,0
10,0
7,0
16,0
10,0
1,0
6,0
10,0
10,0
3,0
1,0
6,0
11,0
3,0
10,0
16,0
10,0
7,0
11,0
1,0
12,0
19,0
10,0
19,0
10,0
7,0
0,0
0,0
1,0
7,0
10,0
18,0
1,0
10,0
8,0
8,0
15,0
6,0
0,0
14,0
6,0
10,0
8,0
7,0
11,0
9,0
1,0
15,0
15,0
2,0
13,0
10,0
19,0
16,0
5,0
7,0
18,0
5,0
19,0
11,0
10,0
0,0
7,0
13,0
6,0
10,0
1,0
11,0
3,0
1,0
19,0
11,0
15,0
16,0
0,0
18,0
10,0
15,0
14,0
5,0
6,0
10,0
6,0
3,0
19,0
13,0
18,0
5,0
18,0
3,0
19,0
11,0
15,0
6,0
9,0
18,0
15,0
13,0
7,0
9,0
19,0
10,1
17,1
6,1
9,1
0,1
16,1
7,0
3,0
9,0
14,0
13,2
5,2
7,2
4,2
2,2
15,0
6,0
11,0
9,2
1,2
11,2
10,2
19,2
0,2
19,2
11,2
1,0
5,0
5,2
6,2
14,2
10,2
7,2
6,2
3,2
4,2
14,0
15,0
6,0
10,0
1,0
6,0
9,1
9,1
3,1
6,1
4,1
1,1
0,1
8,1
3,1
14,1
15,1
19,1
1,1
14,1
15,1
19,1
3,1
6,1
9,1
10,0
11,0
11,0
10,0
15,0
16,0
13,0
