0,0
10,0
3,0
7,0
14,0
18,0
16,0
14,0
3,0
15,0
15,0
2,0
10,0
14,0
15,0
2,0
18,0
17,0
18,0
10,0
9,0
2,0
14,0
10,0
2,0
3,0
7,0
19,0
19,0
13,0
15,0
19,0
16,0
2,0
2,0
15,0
16,0
13,0
17,0
12,0
13,0
16,0
18,0
10,0
9,0
10,0
14,0
2,0
16,0
0,0
5,0
16,0
2,0
19,0
16,0
19,0
2,0
19,0
12,0
2,0
6,0
16,0
19,0
2,0
9,0
15,2
9,2
3,2
2,2
15,0
7,0
15,2
16,2
18,2
1,0
13,0
19,0
3,0
18,0
13,2
11,2
16,2
15,2
15,2
16,2
5,0
15,0
18,0
1,0
5,2
1,2
2,2
18,2
10,2
9,2
16,2
6,0
8,0
1,0
10,0
5,0
0,2
18,2
1,2
1,2
3,2
6,2
15,2
7,0
2,0
9,0
15,2
2,2
18,2
17,2
7,2
15,2
15,2
16,2
18,2
7,2
3,0
10,0
1,2
19,2
7,2
16,2
18,2
13,2
2,2
14,2
19,2
10,0
2,0
0,0
19,0
9,2
2,2
10,2
2,2
0,2
3,2
13,2
18,2
9,0
9,0
14,0
3,0
15,0
5,0
5,0
6,2
11,2
4,2
16,2
6,2
18,2
9,2
11,2
7,0
7,0
10,0
