15,0
9,0
6,2
2,2
10,2
15,2
15,2
2,2
11,2
15,2
13,2
7,0
7,0
17,2
8,2
11,2
5,2
18,2
15,2
8,2
19,2
15,2
2,2
16,0
10,0
2,0
4,0
0,2
1,2
13,2
0,2
9,2
18,2
10,2
14,2
14,2
5,1
0,1
15,1
16,1
7,1
0,1
11,0
19,0
14,0
19,2
10,2
18,2
17,2
10,2
15,2
7,2
10,0
16,0
4,0
15,0
3,0
6,0
2,0
13,1
5,1
11,1
0,1
7,1
0,1
5,1
1,0
10,1
0,1
0,1
6,1
10,1
7,1
9,1
0,1
9,1
19,0
0,2
14,2
3,2
16,2
15,2
14,0
1,0
7,0
6,0
7,0
19,0
0,0
3,0
3,0
6,0
7,0
18,0
3,0
10,0
7,0
5,0
7,0
0,0
7,0
13,0
18,0
19,0
2,0
0,0
16,0
5,0
0,0
14,0
17,0
2,0
1,1
8,1
18,1
5,1
18,1
3,0
18,1
19,1
19,1
2,1
6,1
10,1
14,1
6,1
10,1
9,1
6,1
15,1
13,1
14,1
19,1
15,1
3,1
11,1
1,0
0,2
9,2
0,2
7,2
8,2
15,2
7,2
7,2
8,2
7,2
0,1
10,1
16,1
9,1
0,1
10,1
1,1
2,1
14,1
6,1
1,1
18,1
5,1
15,1
19,0
15,0
0,0
13,0
15,0
14,0
9,2
2,2
2,2
14,2
19,0
2,0
4,0
14,0
17,1
7,1
5,1
11,1
0,1
13,1
16,1
0,1
18,1
10,1
7,1
11,1
3,1
16,1
3,1
16,1
17,1
1,0
6,1
18,1
3,1
0,1
15,1
10,1
10,1
1,1
0,1
0,1
11,1
5,1
18,1
19,1
14,1
0,1
10,1
19,0
3,0
5,0
7,0
6,0
0,2
3,2
2,2
13,2
10,2
0,2
6,0
5,0
10,0
11,0
14,1
6,1
19,1
10,1
6,1
0,1
0,1
0,1
15,1
15,1
2,1
2,1
18,1
14,1
10,1
6,1
10,1
1,1
15,0
8,0
6,0
7,2
18,2
3,2
8,2
15,2
18,2
18,0
13,0
9,0
0,0
15,0
13,1
9,1
6,1
3,1
8,1
10,1
1,1
13,1
8,1
15,1
2,1
18,1
10,1
2,1
0,1
15,1
9,1
6,1
2,1
10,1
15,1
15,0
2,0
11,0
15,0
13,0
7,0
7,0
17,0
8,0
11,0
5,0
18,0
15,0
8,0
19,0
15,0
2,0
16,0
10,0
2,0
4,0
0,0
1,0
13,0
0,0
9,0
18,0
10,0
14,0
14,0
5,0
0,0
15,0
16,0
7,0
0,0
11,0
19,0
14,0
19,0
10,0
18,0
17,0
10,0
15,0
7,0
10,0
16,0
4,0
15,0
3,0
6,0
2,0
13,0
5,0
11,0
0,0
7,0
0,0
5,0
1,0
10,0
0,0
0,0
6,0
10,0
7,0
9,0
0,0
9,0
19,0
0,0
14,0
3,0
16,0
15,0
14,0
1,0
7,0
6,0
7,0
19,0
0,0
3,0
3,0
6,0
7,0
18,0
3,0
10,0
7,0
5,0
7,0
0,0
7,0
13,0
18,0
19,0
2,0
0,0
16,0
5,0
0,0
14,0
17,0
2,0
1,0
8,0
18,0
5,0
18,0
3,0
18,0
19,0
19,0
2,0
6,0
10,0
14,0
6,0
10,0
9,0
6,0
15,0
13,0
14,0
19,0
15,0
3,0
11,0
1,0
0,0
9,0
0,0
7,0
8,0
15,0
7,0
7,0
8,0
7,0
0,0
10,0
16,0
9,0
0,0
10,0
1,0
2,0
14,0
6,0
1,0
18,0
5,0
15,0
19,0
15,0
0,0
13,0
15,0
14,0
9,0
2,0
2,0
14,0
19,0
2,0
4,0
14,0
17,0
7,0
5,0
11,0
0,0
13,0
16,0
0,0
18,0
10,0
7,0
11,0
3,0
16,0
3,0
16,0
17,0
1,0
6,0
18,0
3,0
0,0
15,0
10,0
10,0
1,0
0,0
0,0
11,0
5,0
18,0
19,0
14,0
0,0
10,0
19,0
3,0
5,0
7,0
6,0
0,0
3,0
2,0
13,0
10,0
0,0
6,0
5,0
10,0
11,0
14,0
6,0
19,0
10,0
6,0
0,0
0,0
0,0
15,0
15,0
2,0
2,0
18,0
14,0
10,0
6,0
10,0
1,0
15,0
8,0
6,0
7,0
18,0
3,0
8,0
15,0
18,0
18,0
13,0
9,0
0,0
15,0
13,0
9,0
6,0
3,0
8,0
10,0
1,0
13,0
8,0
15,0
2,0
18,0
10,0
2,0
0,0
