16,0
10,0
14,0
11,0
14,0
13,0
9,0
17,0
0,2
6,2
14,2
8,2
13,2
12,0
19,0
14,0
11,2
6,2
11,2
5,0
19,0
16,0
9,0
4,2
4,2
5,2
7,2
2,2
18,2
7,0
0,0
19,0
6,0
18,0
5,0
10,2
8,2
13,2
6,2
7,2
15,2
10,0
13,0
0,2
19,2
3,2
1,2
14,2
11,2
14,0
14,0
6,0
1,0
9,0
2,0
11,0
19,0
11,0
13,2
18,2
9,2
14,2
3,2
12,2
2,0
15,0
1,0
12,1
0,1
7,1
5,1
18,1
15,2
4,2
9,2
18,2
1,2
19,2
7,2
6,2
10,2
17,0
15,0
6,2
14,2
15,0
2,0
10,0
10,0
3,0
10,0
19,2
19,2
16,2
6,2
12,2
18,2
3,0
16,0
14,0
16,0
10,0
15,0
19,2
8,2
14,2
7,2
14,2
6,0
19,0
9,0
15,2
7,2
6,2
11,0
19,0
16,0
13,2
18,2
4,2
1,2
10,2
3,2
16,2
0,0
16,0
15,0
12,0
13,0
10,0
10,2
10,2
11,2
6,2
7,2
1,2
15,0
8,0
19,0
5,0
1,0
7,2
18,2
7,2
11,2
19,2
5,2
0,0
6,0
13,0
14,2
10,2
7,2
14,2
19,2
16,2
16,2
0,2
8,0
1,1
7,1
16,1
18,1
1,1
4,2
13,2
7,2
15,2
18,2
2,2
2,0
8,2
0,2
17,2
15,0
13,0
14,2
15,2
6,0
14,0
19,0
11,0
10,0
10,0
19,2
16,2
7,2
