12,0
19,2
1,2
19,0
7,0
12,0
1,0
0,0
0,1
14,1
1,1
19,1
15,1
10,1
6,1
0,1
10,1
11,1
0,1
0,1
10,1
7,1
7,0
10,0
11,0
10,0
15,0
6,0
0,0
11,2
19,2
18,2
10,2
9,2
16,2
3,2
17,0
5,0
3,0
11,0
1,0
3,0
5,0
0,0
1,0
18,2
0,2
10,2
10,2
10,2
8,2
16,0
7,0
11,0
11,0
3,2
10,2
10,2
19,2
14,2
3,2
0,2
13,2
7,0
14,0
0,0
13,0
14,0
7,1
7,1
6,1
6,1
0,1
10,1
15,1
6,1
10,1
19,1
7,1
10,1
10,1
10,1
0,1
5,1
7,0
0,0
1,0
1,2
13,2
18,2
6,2
0,2
19,2
19,2
15,1
14,1
7,1
6,1
12,1
16,1
0,1
10,1
10,1
3,1
10,0
14,1
14,1
6,1
6,1
10,1
10,1
11,1
1,1
19,1
12,1
0,1
9,1
0,1
2,2
14,2
16,0
3,1
14,1
7,1
9,1
18,1
10,1
