0,0
15,0
14,0
15,0
15,0
6,1
10,1
1,1
1,1
0,1
10,1
6,1
0,1
2,1
6,1
13,1
9,1
14,0
18,0
18,2
5,2
14,2
10,2
15,2
14,2
7,2
5,2
7,2
7,2
1,0
17,0
9,0
7,0
19,0
6,0
19,0
10,2
12,2
1,2
17,2
1,2
8,2
14,2
1,2
6,2
7,2
10,0
9,0
1,0
14,2
3,2
10,2
13,1
9,1
14,1
13,1
0,1
6,1
1,1
15,1
7,1
10,1
9,1
19,1
14,0
12,1
16,1
1,1
0,1
10,1
12,1
1,1
5,1
19,1
0,1
6,1
3,1
10,1
7,1
7,1
8,1
0,1
7,1
11,0
10,1
6,1
14,1
7,1
13,1
8,0
9,0
7,0
13,2
2,2
9,2
15,2
0,2
16,2
8,0
4,0
8,1
6,1
10,1
0,1
10,1
19,1
3,1
3,1
4,1
1,1
6,1
10,1
10,1
0,1
0,1
13,1
14,1
14,1
7,0
8,0
9,0
16,0
10,0
19,0
10,2
6,2
10,2
16,2
6,2
1,2
6,2
10,2
9,0
6,0
15,0
15,0
6,0
19,0
16,0
3,1
1,1
10,1
13,1
3,1
6,1
10,1
8,1
0,1
10,1
7,1
19,1
11,1
9,1
0,1
9,0
3,2
3,2
13,2
7,2
16,2
7,2
8,2
15,0
15,0
10,0
0,0
18,0
10,1
1,1
11,1
13,1
5,1
19,1
3,1
4,1
10,0
11,0
9,0
3,2
5,2
15,2
13,2
19,1
0,1
1,1
9,1
7,1
9,1
3,1
16,0
10,0
15,0
7,0
8,1
9,1
10,1
3,1
15,1
9,1
19,1
6,1
10,1
15,1
0,1
11,1
10,1
3,1
10,1
3,1
9,1
19,1
0,0
6,2
7,2
19,2
6,2
16,2
14,0
6,0
5,0
1,1
3,1
18,1
10,1
0,1
0,1
1,1
7,1
19,1
3,1
18,0
10,0
5,0
7,0
18,2
10,2
9,2
7,0
1,0
14,0
12,0
14,0
10,0
6,0
15,0
10,1
10,1
15,1
15,1
10,1
16,1
19,1
5,1
6,1
