15,0
14,0
15,0
15,0
5,0
11,0
0,1
10,1
10,1
10,1
6,1
10,1
11,1
7,1
10,1
5,1
6,1
6,1
14,1
19,1
6,1
7,1
13,1
1,0
19,0
16,0
10,0
19,2
3,2
6,2
7,2
3,2
10,0
18,0
2,0
17,0
6,0
19,0
0,0
9,2
13,2
7,2
14,2
14,2
2,2
16,2
18,0
18,0
6,0
7,0
7,0
18,0
13,0
11,0
0,0
1,0
10,2
11,2
13,2
14,2
9,2
3,2
18,2
14,0
18,0
15,0
14,0
14,0
0,0
13,0
1,0
13,0
10,0
16,2
11,2
12,2
17,2
8,0
14,0
2,0
9,0
18,0
6,0
16,0
7,0
3,0
19,0
4,0
9,0
15,0
9,0
10,0
6,0
1,0
17,0
2,0
14,0
16,0
5,0
2,0
19,0
1,0
16,0
9,0
10,0
10,0
15,0
19,0
9,0
15,0
10,0
10,0
2,0
6,0
14,1
2,1
16,1
13,1
15,1
14,1
0,1
2,1
19,1
3,1
0,1
15,1
19,1
12,1
18,1
1,1
11,1
17,1
11,1
6,0
15,0
11,0
7,0
11,0
3,0
1,0
6,1
18,1
16,1
3,1
9,1
9,1
1,1
11,1
5,1
19,1
10,1
7,1
16,1
11,1
19,0
3,0
0,0
6,0
1,1
3,1
7,1
19,1
11,1
19,1
15,1
14,1
15,1
15,1
5,1
11,1
0,1
10,1
10,1
10,1
6,1
10,1
11,1
7,1
10,1
5,1
6,0
6,0
14,0
19,0
6,0
7,0
13,0
1,0
19,0
16,0
10,0
19,0
3,0
6,0
7,0
3,0
10,0
18,0
2,0
17,0
6,0
19,0
0,0
9,0
13,0
7,0
14,0
14,0
2,0
16,0
18,0
18,0
6,0
7,0
7,0
18,0
13,0
11,0
0,0
1,0
10,0
11,0
13,0
14,0
9,0
3,0
18,0
14,0
18,0
15,0
14,0
14,0
0,0
13,0
1,0
13,0
10,0
16,0
11,0
12,0
17,0
8,0
14,0
2,0
9,0
18,0
6,0
16,0
7,0
3,0
19,0
4,0
9,0
15,0
9,0
10,0
6,0
1,0
17,0
2,0
14,0
16,0
5,0
2,0
19,0
1,0
16,0
9,0
10,0
10,0
15,0
19,0
9,0
15,0
10,0
10,0
2,0
6,0
14,0
2,0
16,0
13,0
15,0
14,0
0,0
2,0
19,0
3,0
0,0
15,0
19,0
12,0
18,0
1,0
11,0
17,0
11,0
6,0
15,0
11,0
7,0
11,0
3,0
1,0
6,0
18,0
16,0
3,0
9,0
9,0
1,0
11,0
5,0
19,0
10,0
7,0
16,0
11,0
19,0
3,0
0,0
6,0
1,0
3,0
7,0
19,0
11,0
19,0
15,0
5,0
11,0
0,0
10,0
10,0
10,0
6,0
10,0
11,0
7,0
10,0
5,0
6,0
6,0
14,0
19,0
6,0
7,0
13,0
1,0
19,0
16,0
10,0
19,0
3,0
6,0
7,0
3,0
10,0
18,0
2,0
17,0
6,0
19,0
0,0
9,0
13,0
7,0
14,0
14,0
2,0
16,0
18,0
18,0
6,0
7,0
7,0
18,0
13,0
11,0
0,0
1,0
10,0
11,0
13,0
14,0
9,0
3,0
18,0
14,0
18,0
15,0
14,0
14,0
0,0
13,0
1,0
13,0
10,0
16,0
11,0
12,0
17,0
8,0
14,0
2,0
9,0
18,0
6,0
16,0
7,0
3,0
19,0
4,0
9,0
1,0
17,0
2,0
14,0
16,0
5,0
2,0
19,0
1,0
16,0
9,0
10,0
10,0
15,0
19,0
9,0
15,0
10,0
10,0
2,0
6,0
14,0
2,0
16,0
13,0
15,0
14,0
0,0
2,0
19,0
3,0
0,0
15,0
19,0
12,0
18,0
1,0
11,0
17,0
11,0
6,0
15,0
11,0
7,0
11,0
3,0
1,0
6,0
18,0
16,0
3,0
9,0
9,0
1,0
11,0
5,0
19,0
10,0
7,0
16,0
11,0
19,0
3,0
0,0
6,0
1,0
3,0
7,0
19,0
11,0
10,0
10,0
10,0
6,0
10,0
11,0
7,0
10,0
5,0
6,0
6,0
14,0
19,0
6,0
7,0
13,0
1,0
19,0
16,0
10,0
19,0
3,0
6,0
7,0
3,0
10,0
18,0
2,0
17,0
6,0
19,0
0,0
9,0
13,0
7,0
14,0
14,0
2,0
16,0
18,0
18,0
6,0
7,0
7,0
18,0
13,0
11,0
0,0
1,0
10,0
11,0
13,0
14,0
9,0
3,0
18,0
14,0
18,0
15,0
14,0
14,0
0,0
13,0
1,0
13,0
10,0
16,0
11,0
12,0
17,0
8,0
14,0
2,0
9,0
18,0
6,0
16,0
7,0
3,0
19,0
4,0
2,0
19,0
1,0
16,0
9,0
10,0
10,0
15,0
19,0
9,0
15,0
10,0
10,0
2,0
6,0
14,0
2,0
16,0
13,0
15,0
14,0
0,0
2,0
19,0
3,0
0,0
15,0
19,0
12,0
18,0
1,0
11,0
17,0
11,0
6,0
15,0
11,0
7,0
11,0
3,0
1,0
6,0
18,0
16,0
3,0
9,0
9,0
1,0
11,0
5,0
19,0
10,0
7,0
16,0
11,0
19,0
3,0
0,0
6,0
1,0
3,0
7,0
19,0
11,0
19,0
