19,0
7,0
15,0
10,2
2,2
4,2
9,2
19,2
0,2
19,2
15,2
5,0
2,0
12,0
7,2
9,2
7,2
11,0
2,0
7,0
3,0
10,0
14,0
17,0
14,0
14,0
10,1
1,1
2,1
6,1
13,1
1,1
18,1
13,1
5,1
1,1
12,1
16,1
16,1
16,1
15,0
15,0
19,0
6,0
7,0
11,0
5,2
2,2
10,2
19,2
9,2
12,2
7,2
11,1
11,1
16,1
17,1
13,1
15,1
9,1
14,1
6,1
11,1
2,1
1,1
14,0
10,0
11,0
7,0
1,0
9,2
2,2
10,2
19,2
10,2
15,0
1,0
6,0
10,0
11,0
6,0
14,0
14,0
5,0
7,0
0,0
8,0
13,2
10,2
15,2
1,0
15,1
10,1
3,1
3,1
0,1
10,1
11,1
10,1
16,0
6,0
5,1
14,1
6,1
10,1
0,1
2,1
11,0
19,2
3,2
12,2
19,2
17,2
9,2
19,0
7,0
7,1
15,1
15,1
19,1
18,1
11,1
6,1
0,1
12,1
2,1
8,0
14,0
7,0
8,2
10,2
11,2
10,2
13,2
19,2
16,2
1,2
9,2
12,0
5,0
3,0
13,0
6,0
15,0
3,0
16,2
13,2
13,0
14,0
6,0
9,0
3,0
10,0
6,0
11,0
18,0
11,2
10,2
10,0
14,0
6,0
18,0
14,0
7,0
19,0
10,0
15,0
3,0
19,0
5,2
6,2
6,2
11,0
7,0
9,2
11,2
18,2
11,2
13,2
6,2
19,2
18,2
6,2
11,2
2,2
3,0
