12,0
1,0
7,0
9,2
19,2
16,2
9,2
3,2
7,0
14,0
15,0
0,0
15,0
7,1
11,1
15,1
15,1
19,1
0,1
1,1
1,1
19,1
0,1
0,1
0,1
10,1
7,1
19,0
14,0
18,2
10,2
15,2
15,1
7,1
10,1
10,1
18,1
1,1
0,1
0,1
0,1
13,1
10,1
0,1
10,1
1,1
0,1
7,1
19,0
3,0
14,0
7,0
3,1
6,1
6,1
7,1
10,1
10,1
0,1
10,1
10,1
6,1
7,1
10,1
7,0
19,0
1,2
10,2
10,2
0,0
5,0
0,0
6,0
7,0
2,0
1,2
19,2
10,2
0,2
3,0
7,0
6,2
3,2
10,0
16,1
15,1
13,1
10,1
8,0
16,1
14,1
6,1
19,1
3,1
1,1
19,1
19,1
15,1
0,1
19,1
0,1
1,1
10,1
14,1
7,1
19,1
1,1
0,1
17,1
19,1
2,1
1,1
1,1
10,1
11,1
6,1
19,1
14,0
14,0
14,0
13,2
19,2
0,2
6,2
7,2
1,0
3,0
12,0
7,0
16,0
0,0
19,0
13,0
14,0
6,0
0,0
0,0
8,2
11,2
13,2
18,2
10,2
16,2
0,0
15,1
14,1
6,1
19,1
1,1
0,1
17,1
1,1
1,1
0,1
1,1
6,1
1,0
14,0
5,0
0,1
18,1
6,1
6,1
19,1
10,1
1,1
3,1
10,1
10,1
1,1
1,1
3,1
6,1
1,1
3,0
5,0
15,0
0,0
14,0
0,0
14,0
3,0
0,0
10,0
19,0
10,2
3,2
16,2
7,2
7,0
12,0
16,0
10,0
3,1
6,1
19,1
19,1
0,1
17,1
19,1
10,1
0,1
8,1
9,1
1,1
1,1
