3,0
18,0
16,0
0,0
7,0
11,0
6,0
18,0
19,0
6,0
10,0
15,0
15,2
14,2
19,0
14,0
19,0
15,0
5,0
14,0
7,0
11,0
9,0
6,0
19,0
19,0
6,2
10,2
13,2
17,2
18,2
7,2
4,2
14,0
8,0
4,0
18,1
0,1
13,1
6,1
14,1
16,1
9,1
19,1
14,1
17,1
15,1
6,1
11,1
10,1
14,1
0,1
3,1
19,0
8,0
13,0
19,0
1,2
10,2
14,2
0,2
10,2
13,2
7,2
7,0
9,0
17,0
2,0
19,1
8,1
7,1
5,1
12,1
13,1
10,1
16,1
10,1
9,1
15,1
12,1
7,1
19,1
6,1
8,1
3,0
19,1
8,1
2,1
0,1
19,1
13,1
6,1
0,1
9,1
8,1
11,1
6,1
8,1
11,1
11,1
10,0
0,0
16,0
14,0
6,0
6,0
12,1
0,1
3,1
13,1
10,1
0,1
7,1
11,1
7,1
19,1
3,1
11,0
6,0
11,0
13,1
10,1
15,1
16,1
18,1
2,1
15,1
13,1
0,1
9,1
11,1
7,1
5,1
12,1
6,1
11,1
0,1
11,1
11,1
10,1
0,1
12,1
0,1
18,1
5,1
19,1
16,1
7,1
19,1
14,0
16,0
12,0
19,0
19,0
2,2
7,2
11,2
18,2
1,0
13,0
3,0
9,2
7,2
15,2
0,2
7,1
7,1
14,1
6,1
6,1
16,1
10,1
11,1
10,1
0,1
3,1
18,1
10,1
9,1
6,1
11,1
6,1
1,1
0,1
0,1
0,1
11,1
