10,0
14,0
0,0
10,0
11,0
10,0
0,0
10,0
6,0
18,0
9,0
19,0
14,0
4,0
12,0
2,0
11,0
8,0
7,0
9,0
4,0
19,0
19,0
3,0
3,0
13,0
10,0
7,0
11,0
6,0
16,0
7,0
5,0
5,0
9,0
7,0
3,0
6,0
19,0
1,0
0,0
10,0
8,0
3,0
16,0
7,0
11,0
13,0
16,0
3,0
7,0
5,0
10,0
19,0
15,0
5,0
3,0
15,0
15,0
11,0
3,0
9,0
1,0
7,0
3,0
11,0
9,0
16,0
17,0
9,0
6,0
7,0
11,0
6,0
14,0
7,0
4,0
6,0
16,0
9,0
7,0
10,0
10,0
12,0
15,0
15,0
12,0
3,0
3,0
10,0
9,0
1,0
8,0
4,0
2,0
7,0
11,0
10,0
7,0
15,0
18,0
11,0
9,0
2,0
6,0
1,0
16,0
11,0
0,0
12,0
19,0
0,0
4,0
18,0
14,0
7,0
2,0
7,0
16,0
7,0
18,0
19,0
1,0
8,0
19,0
3,0
2,0
14,0
2,0
7,0
3,0
7,0
1,0
4,0
19,0
16,0
4,0
9,0
18,0
18,0
10,0
2,0
11,0
3,0
17,0
3,0
0,0
11,0
19,0
15,0
7,0
7,0
9,0
10,0
1,0
9,0
13,0
14,0
6,0
7,0
11,0
0,0
5,0
13,0
0,0
3,0
9,0
6,0
14,0
11,0
13,0
3,0
1,0
10,0
10,0
13,0
13,0
17,0
15,0
3,0
1,0
1,0
2,0
14,0
8,0
6,0
19,0
5,0
14,1
0,1
18,1
0,1
16,1
1,1
18,1
0,1
9,1
16,1
19,1
17,1
18,1
13,1
3,1
0,1
3,1
6,1
1,2
0,2
1,2
0,2
11,0
19,0
11,0
18,0
10,1
7,1
19,1
1,1
19,1
6,1
