12,0
19,0
5,0
0,2
17,2
18,2
12,0
3,0
6,0
15,0
16,0
0,0
3,0
14,0
1,0
11,0
14,0
8,0
1,0
0,0
5,0
14,0
3,0
1,0
14,0
19,0
15,1
10,1
6,1
5,1
10,1
1,1
16,1
10,1
7,0
19,0
10,2
18,2
17,2
11,2
10,0
3,1
0,1
3,1
11,1
18,1
6,0
2,0
3,1
14,1
6,1
10,1
6,1
11,1
9,1
1,1
11,1
12,1
1,1
2,1
18,0
15,0
17,2
12,2
3,2
9,2
9,2
16,2
9,2
4,0
11,0
3,0
16,0
10,0
14,0
2,1
18,1
6,1
6,1
11,1
9,1
11,1
12,1
13,1
13,1
6,1
6,0
8,2
10,2
8,0
10,0
3,0
6,0
6,2
9,2
1,2
18,2
9,2
10,2
6,2
7,2
15,2
7,2
18,2
13,2
3,2
19,2
1,2
3,0
11,0
6,0
3,0
11,0
17,2
9,2
1,2
9,2
15,2
12,2
6,2
11,0
7,0
3,2
12,2
9,2
16,2
10,2
14,0
0,0
7,0
9,0
18,0
8,2
1,2
13,2
16,2
10,2
3,0
6,0
11,0
2,0
18,0
19,2
11,2
0,2
12,2
1,2
10,2
13,2
19,0
7,0
6,0
14,0
19,0
17,0
16,0
14,0
18,2
2,2
1,0
14,0
0,0
3,0
8,0
13,1
3,1
0,1
1,1
19,1
5,1
18,1
12,1
15,1
13,1
10,1
6,1
7,1
16,0
0,0
