0,0
15,2
6,2
2,2
9,2
6,2
19,2
8,2
12,2
10,2
2,2
11,0
7,0
0,2
6,2
7,2
0,2
12,2
19,2
13,0
6,0
14,2
0,2
18,2
9,2
11,0
0,0
2,0
14,2
7,2
3,2
16,2
19,2
16,2
13,2
9,0
14,0
19,0
3,0
11,0
7,0
8,0
2,2
19,2
6,0
15,0
9,0
11,0
3,0
12,0
9,0
14,0
6,0
7,0
0,0
6,0
11,0
13,0
11,0
15,0
11,0
9,0
2,0
6,2
2,2
18,2
19,2
10,2
16,0
19,0
16,0
5,2
14,2
7,2
0,2
18,2
10,2
19,0
11,0
4,0
16,1
14,1
8,1
18,1
0,1
12,0
7,2
12,2
9,2
0,2
10,2
9,2
0,0
19,0
7,0
3,0
15,0
14,1
0,1
2,1
10,1
3,1
5,1
9,1
19,1
15,0
0,0
11,1
11,1
14,1
11,1
9,1
19,1
5,1
6,1
1,1
10,1
6,1
11,1
19,1
9,1
0,1
15,1
0,0
11,0
0,0
15,0
6,0
2,0
9,0
6,0
19,0
8,0
12,0
10,0
2,0
11,0
7,0
0,0
6,0
7,0
0,0
12,0
19,0
13,0
6,0
14,0
0,0
18,0
9,0
11,0
0,0
2,0
14,0
7,0
3,0
16,0
19,0
16,0
13,0
9,0
14,0
19,0
3,0
11,0
7,0
8,0
2,0
19,0
6,0
15,0
9,0
11,0
3,0
12,0
9,0
14,0
6,0
7,0
0,0
6,0
11,0
13,0
11,0
15,0
11,0
9,0
2,0
6,0
2,0
18,0
19,0
10,0
16,0
19,0
16,0
5,0
14,0
7,0
0,0
18,0
10,0
19,0
11,0
4,0
16,0
14,0
8,0
18,0
0,0
12,0
7,0
12,0
9,0
0,0
10,0
9,0
0,0
19,0
7,0
3,0
15,0
14,0
0,0
2,0
10,0
3,0
5,0
9,0
19,0
15,0
0,0
11,0
11,0
14,0
11,0
9,0
19,0
5,0
6,0
1,0
10,0
6,0
11,0
19,0
9,0
0,0
15,0
0,0
11,0
