12,1
12,1
17,1
6,1
9,1
2,1
7,1
14,1
6,1
15,1
19,1
10,1
19,1
2,1
16,1
18,1
5,1
17,1
9,1
9,1
1,1
2,1
17,1
6,1
16,1
19,1
11,1
9,1
5,1
17,1
15,1
5,1
2,1
14,1
16,1
12,1
10,1
18,1
2,1
11,1
12,1
6,1
13,1
6,1
14,1
13,1
5,1
15,1
10,1
19,0
14,0
11,0
0,0
9,1
1,1
7,1
5,1
18,1
15,1
7,1
13,1
19,1
1,1
16,1
10,1
13,1
5,1
5,1
12,1
1,1
3,1
19,1
10,0
7,0
16,0
13,0
3,1
16,1
0,1
5,1
9,1
9,1
11,1
10,1
10,1
14,1
13,1
0,1
0,1
0,0
14,0
14,0
11,0
5,0
15,0
1,0
12,0
5,0
13,0
15,0
15,2
13,2
16,2
19,2
2,0
19,0
1,0
7,0
15,0
7,0
12,2
1,2
9,2
10,2
19,0
1,0
7,0
2,0
15,0
14,0
19,0
13,0
2,2
18,2
2,0
11,0
0,0
16,0
11,0
1,2
10,2
16,2
19,0
10,0
7,0
11,0
3,2
0,2
7,2
16,2
10,0
16,0
6,0
3,0
14,0
3,0
6,0
7,0
16,0
0,0
7,0
19,0
6,0
15,0
0,0
19,0
10,0
1,0
7,0
13,2
10,2
9,2
10,2
7,2
11,2
6,0
3,1
11,1
1,1
18,1
7,1
14,0
0,0
10,0
15,1
9,1
2,1
6,1
10,1
15,1
2,1
10,0
0,0
11,0
7,0
6,0
11,2
0,2
2,2
19,2
10,2
9,2
7,2
5,0
7,0
3,2
19,2
19,2
10,2
19,2
12,2
11,2
1,0
11,0
1,0
3,0
15,0
15,0
