7,0
15,0
8,0
12,0
14,0
10,0
14,0
9,0
14,2
15,2
10,2
10,2
9,2
0,2
7,2
9,0
7,0
4,0
1,0
1,1
7,1
4,1
15,1
0,1
6,1
8,1
10,1
1,1
0,1
10,1
10,1
6,1
1,1
16,1
10,1
7,0
6,0
8,1
7,1
1,1
15,1
10,1
0,0
6,2
10,2
3,2
0,2
10,2
0,0
15,0
9,0
3,0
7,0
11,1
1,1
3,1
6,1
14,1
7,1
10,1
1,1
5,1
10,1
0,1
16,1
10,0
10,0
6,2
1,2
14,2
19,2
8,1
13,1
10,1
0,1
14,1
0,1
19,1
10,1
8,1
3,1
18,1
6,1
14,0
1,0
10,0
10,1
15,1
14,1
15,1
0,1
19,1
0,1
10,1
1,1
6,0
16,0
7,1
4,1
15,1
15,1
19,1
0,1
6,1
0,1
0,1
0,1
10,1
0,1
10,1
0,1
6,1
1,1
10,0
7,0
7,2
7,2
1,2
0,0
3,0
10,0
10,0
7,2
0,2
11,0
1,0
15,0
3,2
3,2
1,2
0,2
15,2
9,2
0,2
10,2
0,0
1,0
10,0
10,0
16,0
6,0
1,0
