12,0
13,0
11,0
0,2
19,2
10,2
13,2
3,0
10,0
3,0
7,0
19,0
9,0
16,0
3,1
16,1
0,1
6,1
18,1
8,1
13,1
1,1
0,1
17,1
11,1
0,1
10,1
0,1
6,1
6,1
9,1
7,0
9,0
2,0
7,0
19,0
3,1
1,1
5,1
13,1
2,1
6,1
5,0
10,0
11,0
7,0
19,0
15,1
1,1
6,1
3,1
15,1
10,1
5,1
11,1
9,1
10,1
3,1
10,1
0,1
3,0
11,0
11,0
19,0
15,1
0,1
6,1
6,1
13,1
11,1
6,1
10,1
0,1
11,1
1,1
11,1
2,1
3,1
2,1
18,1
19,1
11,1
12,1
9,1
5,1
3,1
19,1
15,1
14,1
0,1
3,1
19,1
18,0
14,0
7,1
9,1
10,1
5,1
10,1
10,1
11,1
3,1
10,1
1,1
15,1
2,1
11,0
9,0
11,2
9,2
0,2
10,2
0,0
15,0
0,0
15,0
11,0
2,1
7,1
14,1
13,1
10,1
10,1
6,1
1,1
12,1
2,0
10,1
16,1
7,1
18,1
13,1
3,0
0,2
9,2
0,0
3,0
14,0
0,0
6,0
19,0
0,0
0,0
15,0
11,0
14,0
0,0
14,1
3,1
9,1
13,1
9,1
0,1
0,1
0,1
8,1
0,1
19,1
7,0
19,0
0,1
14,1
15,1
6,0
15,2
9,2
7,2
10,2
6,2
3,0
15,1
5,1
0,1
7,1
9,1
5,1
0,1
9,1
11,1
3,1
15,1
7,1
0,0
10,2
14,2
9,2
7,2
19,2
7,0
1,1
14,1
6,1
3,1
10,1
7,1
3,0
3,0
9,0
19,2
9,2
19,2
14,0
3,1
16,1
15,1
8,1
18,1
16,1
10,1
6,1
13,1
10,1
11,1
6,1
19,1
17,1
10,1
5,1
