3,0
3,0
16,0
15,0
15,0
15,0
9,0
2,0
13,0
10,0
16,0
1,0
19,0
16,0
7,0
9,0
7,0
14,0
15,0
0,0
0,0
1,0
11,0
10,0
19,0
3,0
6,0
7,0
9,0
11,0
16,0
10,0
6,0
3,0
10,0
1,0
11,0
2,0
6,0
3,0
11,0
10,0
2,0
8,0
8,0
5,0
1,0
9,0
7,0
10,0
11,0
18,0
13,0
6,0
3,0
13,0
6,0
11,0
1,0
9,0
14,0
1,0
6,0
6,0
12,0
10,0
5,0
12,0
5,0
3,0
9,0
19,0
10,0
2,0
6,0
19,0
11,0
11,0
10,0
3,0
14,0
6,0
18,0
9,0
0,0
16,0
19,0
4,0
7,0
15,0
13,1
1,1
1,1
7,1
0,1
6,1
15,1
15,1
7,1
3,1
12,1
3,0
19,0
10,0
10,0
16,0
8,1
14,1
2,1
13,1
16,1
15,1
6,1
15,1
15,1
11,1
5,0
14,0
11,0
10,0
10,1
8,1
1,1
19,1
19,1
6,1
5,1
10,1
5,1
11,1
19,1
1,1
13,1
9,1
16,1
3,1
16,1
10,1
15,1
11,1
7,1
6,1
16,0
11,1
13,1
12,1
7,1
19,1
4,0
5,2
10,2
14,1
15,1
6,1
18,1
14,1
8,1
1,1
1,1
9,1
3,1
9,1
1,1
10,1
5,1
14,1
11,1
3,1
5,1
18,1
18,0
4,0
7,0
19,2
10,2
18,2
13,2
16,1
7,1
15,1
3,1
9,1
13,1
2,0
11,0
2,0
12,2
1,2
0,0
8,0
0,2
10,2
6,2
11,2
7,2
13,2
16,0
9,0
2,0
6,0
18,0
16,0
9,0
1,0
14,0
10,0
7,1
19,1
16,1
7,1
19,1
0,1
7,1
6,1
14,1
10,1
14,1
19,1
3,1
15,1
6,1
5,0
3,0
9,2
13,2
3,2
18,2
9,2
5,2
17,2
1,0
18,0
1,0
6,2
14,2
11,2
3,2
1,2
15,2
6,0
