19,0
10,0
14,0
19,0
6,0
11,0
4,0
2,0
10,0
6,0
3,0
15,1
0,1
4,1
12,1
16,1
15,1
0,1
13,1
5,1
5,1
0,1
10,1
14,1
16,1
13,1
19,1
0,1
7,1
10,1
14,1
3,1
8,1
7,1
19,1
6,0
19,0
12,0
3,0
19,0
10,0
3,2
10,2
3,2
3,0
13,0
0,2
13,2
3,2
10,2
15,2
7,0
10,0
5,2
13,2
16,2
10,2
11,2
6,2
7,2
11,2
10,2
11,2
7,2
10,1
11,1
7,1
0,1
19,1
9,2
3,2
2,2
19,2
11,2
17,2
3,2
10,2
11,0
11,0
11,0
2,0
9,2
6,2
19,2
3,2
13,2
8,2
10,2
3,2
0,2
16,2
19,2
11,2
7,2
8,2
18,2
16,2
0,2
7,2
7,2
1,2
9,2
10,2
9,0
10,0
14,2
9,2
16,0
7,0
3,2
7,2
5,2
12,2
11,2
10,2
11,2
10,2
11,2
2,2
9,2
8,2
9,2
8,2
10,2
19,2
19,2
15,2
18,2
6,2
12,2
6,2
11,2
3,2
0,0
6,0
7,0
19,0
3,0
8,2
19,2
9,2
13,2
11,2
11,2
18,2
16,2
19,2
16,2
13,2
3,2
19,2
11,2
3,2
2,2
0,2
5,2
13,2
7,2
10,2
16,2
2,0
10,1
13,1
2,1
7,1
2,1
11,1
6,1
10,1
15,1
3,1
16,1
12,1
10,1
16,1
13,1
10,1
2,1
5,1
2,1
17,1
11,1
5,1
19,1
15,1
6,1
6,1
13,1
7,1
11,1
14,1
19,1
12,1
6,1
0,1
0,1
0,1
11,1
11,1
9,1
13,1
11,1
2,1
9,1
11,1
8,1
13,1
10,1
0,1
11,1
19,1
14,1
9,1
0,1
6,1
9,1
0,1
2,0
19,0
