12,1
1,1
15,1
16,1
5,1
6,1
6,1
1,1
13,1
6,1
5,1
1,1
9,1
0,1
5,1
6,1
16,1
0,1
9,1
6,1
14,1
5,1
3,1
17,1
12,1
14,1
3,1
0,1
18,1
1,1
11,1
16,1
10,1
9,1
1,1
5,1
9,1
7,1
5,1
8,1
0,1
8,1
15,1
6,1
9,1
19,1
7,1
12,1
10,1
14,1
6,1
7,1
2,1
17,1
9,1
16,1
1,1
0,1
14,1
16,1
10,1
1,1
1,1
11,1
0,1
9,1
10,1
10,1
0,1
11,1
19,1
5,1
3,1
6,1
0,1
7,1
8,1
7,1
10,1
18,1
10,1
18,1
15,1
0,1
0,1
6,0
16,0
10,0
7,1
4,1
0,1
1,1
6,1
3,1
9,1
18,1
5,1
11,1
12,1
10,1
3,1
7,1
1,1
12,1
11,1
18,1
15,1
15,1
9,1
13,1
2,1
18,1
14,0
16,1
10,1
15,1
17,1
0,1
3,1
9,1
7,1
19,1
9,1
7,1
17,1
10,1
19,1
3,1
7,1
0,1
0,1
9,1
19,1
2,1
5,1
19,1
0,1
10,1
4,1
1,1
16,1
15,1
18,1
7,1
14,1
18,1
0,1
1,1
0,1
12,1
19,1
11,1
9,1
4,1
11,1
6,1
6,1
15,1
13,1
8,1
5,1
1,1
5,1
7,1
13,1
6,1
0,1
4,1
12,1
0,1
10,1
0,0
5,1
7,1
15,1
6,1
0,1
5,1
11,1
5,1
12,1
10,1
5,1
3,1
0,1
9,1
2,1
1,1
13,1
17,1
17,1
14,1
0,1
10,1
12,1
12,1
13,1
7,1
14,1
2,1
3,1
3,1
2,1
15,1
14,1
2,1
15,1
0,1
1,1
15,1
10,1
16,0
17,0
11,0
9,0
11,0
1,1
13,1
16,1
2,1
3,1
6,1
10,1
1,1
5,1
1,1
13,1
19,1
3,1
2,1
16,1
19,1
14,1
5,1
19,1
6,1
12,1
10,1
7,1
12,1
16,1
19,1
14,1
3,0
14,0
3,2
10,2
8,2
13,0
3,0
16,0
6,0
15,2
7,2
8,2
18,0
1,0
13,0
7,0
6,1
9,1
3,1
17,1
5,1
6,1
13,1
2,1
6,1
19,1
9,0
2,0
7,0
1,0
7,1
9,1
4,1
2,1
5,1
6,1
1,1
10,1
3,1
0,1
11,1
1,1
11,1
0,1
17,1
6,1
6,1
7,1
16,1
17,1
19,1
1,1
6,1
0,1
0,1
10,1
0,1
8,1
0,1
5,0
11,0
15,0
2,0
5,0
10,0
16,0
0,0
18,0
16,0
10,0
1,0
10,0
7,0
3,0
2,0
4,0
10,0
19,0
10,0
15,0
5,0
1,0
10,0
7,0
6,0
17,0
4,0
7,0
8,0
0,0
14,0
6,0
10,0
6,0
9,0
3,0
10,0
0,0
10,0
0,0
2,0
9,0
7,0
10,0
3,0
10,0
10,0
7,0
5,0
0,0
1,0
2,0
13,0
10,0
15,0
18,0
0,0
0,0
6,0
10,0
0,0
7,0
6,0
7,0
3,0
6,0
3,0
16,0
10,0
0,0
13,0
16,0
1,0
3,0
6,0
1,0
5,0
13,0
15,0
2,0
10,0
10,0
10,0
19,0
6,0
5,0
14,0
2,0
7,0
2,0
13,0
0,0
3,0
16,0
9,0
0,0
1,0
5,0
18,0
13,0
9,0
3,0
0,0
17,0
8,0
19,0
0,0
10,0
13,0
16,0
1,0
10,0
12,0
6,0
15,0
1,0
3,0
14,0
5,0
10,0
0,0
0,0
9,0
15,0
0,0
11,0
0,0
9,0
11,0
6,0
0,0
1,0
18,0
8,0
10,0
1,0
13,0
15,0
1,0
7,0
17,0
10,0
6,0
1,0
10,0
7,0
2,0
7,0
16,0
3,0
19,0
15,0
7,0
5,0
11,0
12,0
5,0
5,0
0,0
9,0
2,0
11,0
10,0
17,0
1,0
13,0
16,0
0,0
6,0
10,0
13,0
3,0
0,0
3,0
6,0
9,0
3,0
9,0
0,0
10,0
15,0
6,0
6,0
7,0
9,0
0,0
19,0
3,0
14,0
1,0
16,0
10,0
1,0
0,0
0,0
17,0
6,0
0,0
6,0
19,0
13,0
0,0
7,0
9,0
2,0
6,0
0,0
16,0
10,0
2,0
19,0
14,0
5,0
6,0
5,0
0,0
18,0
1,0
16,0
7,0
7,0
11,0
11,0
7,0
10,0
8,0
16,0
6,0
8,0
10,0
7,0
14,0
12,0
10,0
0,0
6,0
12,0
5,0
15,0
2,0
5,0
10,0
16,0
0,0
18,0
16,0
10,0
1,0
10,0
7,0
3,0
2,0
4,0
10,0
19,0
10,0
15,0
5,0
1,0
10,0
7,0
6,0
17,0
4,0
7,0
8,0
0,0
14,0
6,0
10,0
6,0
9,0
3,0
10,0
0,0
10,0
0,0
2,0
9,0
7,0
10,0
3,0
10,0
10,0
7,0
5,0
0,0
1,0
2,0
13,0
10,0
15,0
18,0
0,0
0,0
6,0
10,0
0,0
7,0
6,0
7,0
3,0
6,0
3,0
16,0
10,0
0,0
13,0
16,0
1,0
3,0
6,0
1,0
5,0
13,0
15,0
2,0
10,0
10,0
10,0
19,0
6,0
5,0
14,0
2,0
7,0
2,0
13,0
0,0
3,0
16,0
9,0
0,0
1,0
5,0
18,0
13,0
9,0
3,0
0,0
17,0
8,0
19,0
0,0
10,0
13,0
16,0
1,0
10,0
12,0
6,0
15,0
1,0
3,0
14,0
5,0
10,0
0,0
0,0
9,0
15,0
0,0
11,0
0,0
9,0
11,0
6,0
0,0
1,0
18,0
8,0
10,0
1,0
13,0
15,0
1,0
7,0
17,0
10,0
6,0
1,0
10,0
7,0
2,0
7,0
16,0
3,0
19,0
15,0
7,0
5,0
11,0
12,0
5,0
5,0
0,0
9,0
2,0
11,0
10,0
17,0
1,0
13,0
16,0
0,0
6,0
10,0
13,0
3,0
0,0
3,0
6,0
9,0
3,0
9,0
0,0
10,0
15,0
6,0
6,0
7,0
9,0
0,0
19,0
3,0
14,0
1,0
16,0
10,0
1,0
0,0
0,0
17,0
6,0
0,0
6,0
19,0
13,0
0,0
7,0
9,0
2,0
6,0
0,0
16,0
10,0
2,0
19,0
14,0
5,0
6,0
5,0
0,0
18,0
1,0
16,0
7,0
7,0
11,0
11,0
7,0
10,0
8,0
16,0
6,0
8,0
10,0
7,0
14,0
12,0
10,0
0,0
6,0
12,0
5,0
18,0
10,0
5,0
1,0
19,0
10,0
14,0
7,0
5,0
5,0
17,0
