4,0
3,0
14,0
2,0
14,0
4,0
6,0
2,0
7,0
7,0
9,0
4,0
10,0
14,0
15,0
13,0
15,0
4,0
6,0
4,0
14,0
3,0
7,0
13,0
16,0
3,0
14,0
2,0
4,0
15,0
15,1
19,1
19,1
6,1
19,1
0,2
15,2
3,2
6,0
6,0
6,0
14,0
16,0
15,0
0,0
7,0
14,2
4,2
16,2
14,0
2,0
14,0
4,0
8,2
2,2
7,0
7,0
16,0
4,0
6,0
9,2
15,2
6,0
0,0
18,1
1,1
7,1
3,1
16,1
13,0
9,0
7,0
18,0
19,0
4,0
11,0
4,0
14,0
1,0
7,0
13,0
2,0
7,0
9,0
8,0
4,0
5,0
8,2
2,2
9,2
2,2
6,0
4,0
6,0
19,2
6,2
14,0
4,0
11,2
2,2
7,0
7,0
9,2
4,2
16,2
3,2
10,0
19,0
0,0
2,0
18,2
15,2
4,0
6,0
4,0
14,0
7,0
6,2
13,2
12,0
7,0
1,0
2,0
4,0
5,0
18,0
11,0
4,0
3,0
14,0
2,0
14,0
4,2
6,2
2,2
7,2
7,2
9,0
4,0
10,2
14,2
13,2
15,2
4,2
6,0
4,0
14,0
3,0
7,0
13,0
16,0
3,0
14,0
2,0
4,0
15,0
15,0
19,0
19,0
6,0
19,0
0,0
15,0
3,0
6,0
6,0
6,0
14,0
16,0
15,0
0,0
7,0
14,0
4,0
16,0
14,0
2,0
14,0
4,0
8,0
2,0
7,0
7,0
16,0
4,0
6,0
9,0
15,0
6,0
0,0
18,0
1,0
7,0
3,0
16,0
13,0
9,0
7,0
18,0
19,0
4,0
11,0
4,0
14,0
1,0
7,0
13,0
2,0
7,0
9,0
8,0
4,0
5,0
8,0
2,0
9,0
2,0
6,0
4,0
6,0
19,0
6,0
14,0
4,0
11,0
2,0
7,0
7,0
9,0
4,0
16,0
3,0
10,0
19,0
0,0
2,0
18,0
15,0
4,0
6,0
4,0
14,0
7,0
6,0
13,0
12,0
7,0
1,0
2,0
4,0
5,0
18,0
11,0
