15,0
10,0
11,0
9,0
8,2
7,2
14,2
9,2
1,2
9,2
1,2
15,2
12,2
5,2
16,0
7,0
9,0
16,2
11,2
17,0
11,0
6,0
7,2
15,2
13,2
6,2
9,2
19,2
6,2
11,2
6,2
2,2
11,0
19,0
15,2
10,2
19,2
19,2
8,2
18,2
2,2
16,2
7,0
7,0
9,0
14,0
1,0
9,0
13,2
5,2
10,2
15,2
8,0
2,0
9,0
11,0
2,2
19,2
19,2
10,2
1,2
14,2
15,2
7,2
0,0
11,0
5,0
15,0
1,2
10,2
12,2
10,2
16,2
10,2
5,2
3,2
2,0
15,0
13,0
10,0
15,2
9,2
3,2
11,2
19,2
14,2
15,2
11,2
3,1
0,1
6,1
6,1
12,1
1,1
10,1
13,1
10,1
3,1
0,1
19,1
8,1
5,1
2,1
1,1
7,0
15,0
10,0
11,0
9,0
8,0
7,0
14,0
9,0
1,0
9,0
1,0
15,0
7,0
9,0
16,0
11,0
17,0
11,0
6,0
7,0
15,0
13,0
6,0
9,0
19,0
6,0
11,0
6,0
2,0
11,0
19,0
15,0
10,0
19,0
19,0
8,0
18,0
2,0
16,0
7,0
7,0
9,0
14,0
1,0
9,0
13,0
5,0
10,0
15,0
8,0
2,0
9,0
11,0
2,0
19,0
19,0
10,0
1,0
14,0
15,0
7,0
0,0
11,0
5,0
15,0
1,0
10,0
12,0
10,0
16,0
10,0
5,0
3,0
2,0
15,0
13,0
10,0
15,0
9,0
3,0
11,0
19,0
14,0
15,0
11,0
3,0
0,0
6,0
6,0
12,0
1,0
10,0
13,0
10,0
3,0
0,0
19,0
8,0
5,0
2,0
1,0
10,0
