12,0
2,0
9,1
13,1
6,1
12,1
10,1
1,1
9,1
3,1
6,1
7,0
10,0
1,2
10,2
11,2
9,2
18,2
11,2
3,0
16,0
6,0
7,0
18,0
18,2
16,2
9,2
7,2
9,0
7,0
8,2
10,2
10,2
16,2
11,0
15,0
14,0
15,0
10,1
2,1
0,1
0,1
11,1
15,1
6,1
10,1
3,1
11,1
0,1
9,1
7,0
1,0
2,0
16,0
2,0
7,0
19,0
9,0
16,0
11,1
3,1
6,1
0,1
6,1
11,1
10,1
13,1
2,1
5,1
3,1
19,1
3,1
0,1
0,1
19,1
1,1
7,1
9,1
10,1
1,1
2,0
0,1
11,1
10,1
11,1
14,1
19,1
18,1
3,1
15,1
10,0
3,0
0,1
19,1
1,1
1,1
0,1
0,1
10,1
9,1
2,1
12,1
19,1
13,1
5,1
12,1
7,0
6,1
16,1
7,1
19,1
0,1
7,1
13,0
16,1
2,1
15,1
10,1
1,1
12,1
0,1
5,1
5,1
11,0
1,0
17,1
3,1
6,1
12,1
0,1
19,1
2,1
10,1
0,1
11,0
15,0
1,1
17,1
18,1
2,1
5,1
16,0
14,1
2,1
1,1
0,1
11,1
1,1
19,1
9,1
16,1
16,1
10,1
1,1
16,1
7,0
16,0
17,0
3,0
0,0
18,0
11,0
