6,0
5,0
14,0
6,0
18,0
11,0
3,0
11,0
10,0
9,0
11,0
10,0
9,0
11,0
3,0
7,0
0,0
9,0
15,0
10,0
7,0
7,0
7,0
6,0
10,0
9,0
19,0
1,0
10,0
2,0
11,0
1,0
3,0
12,0
6,0
10,0
9,0
3,0
3,0
15,0
16,0
10,0
17,0
2,0
10,0
6,0
11,0
6,0
19,0
6,0
2,0
0,0
16,0
11,0
11,0
19,0
16,0
19,0
10,0
11,0
11,0
7,0
6,0
14,0
19,0
3,0
9,0
0,0
7,0
7,0
4,0
9,0
9,0
6,0
16,0
0,0
3,0
7,0
10,0
11,0
15,0
10,0
3,0
2,0
15,0
10,0
6,0
0,0
9,0
13,0
2,0
1,0
2,0
10,0
2,0
19,0
9,0
1,0
0,0
1,0
9,0
16,0
6,0
11,0
10,0
13,0
6,1
5,1
14,1
6,1
18,1
11,1
3,1
11,1
10,1
9,1
11,1
10,1
9,1
11,1
3,1
7,0
0,0
9,0
15,0
10,0
7,0
7,0
7,0
6,1
10,1
9,1
19,1
1,1
10,1
2,1
11,1
1,1
3,1
12,1
6,1
10,1
9,1
3,1
3,1
15,1
16,1
10,1
17,1
2,1
10,1
6,1
11,1
6,0
19,0
6,0
2,0
0,0
16,0
11,0
11,0
19,0
16,0
19,0
10,0
11,0
11,0
7,0
6,0
14,0
19,2
3,2
9,0
0,0
7,0
7,0
4,0
9,0
9,2
6,2
16,0
0,0
3,0
7,1
10,1
11,1
15,1
10,1
3,1
2,1
15,1
10,1
6,1
0,1
9,1
13,1
2,1
1,1
2,1
10,1
2,1
19,0
9,0
1,0
0,0
1,0
9,0
16,0
6,0
11,0
10,0
13,0
