15,0
13,0
15,0
7,0
11,2
18,2
5,2
10,2
5,2
15,2
5,2
6,2
2,2
13,1
6,1
0,1
13,1
12,1
11,1
0,1
9,1
7,1
10,1
14,0
6,1
6,1
10,1
9,1
5,1
11,1
7,1
11,0
3,0
9,0
11,0
7,0
19,0
15,2
6,2
9,2
19,2
5,2
2,2
7,2
11,0
8,0
13,2
11,2
13,2
16,2
9,2
16,2
0,2
7,2
15,0
11,0
19,2
9,2
5,2
2,2
6,2
13,2
16,2
19,2
7,0
6,0
6,0
4,2
6,2
10,2
6,2
16,2
12,0
16,0
7,0
6,0
11,0
19,2
11,2
16,2
19,2
19,2
5,0
10,2
6,2
7,0
3,0
2,0
11,0
10,2
19,2
16,2
16,2
13,2
11,2
2,0
9,0
11,2
15,2
19,2
16,2
6,2
10,2
2,2
7,2
3,0
9,0
9,2
16,2
2,2
16,2
12,2
16,2
10,2
7,2
3,0
9,0
19,2
13,2
11,2
1,2
9,2
15,2
11,2
1,2
9,2
7,0
