5,0
3,0
2,0
15,0
1,1
18,1
16,1
8,1
13,1
10,1
16,1
5,1
0,1
18,0
3,0
0,0
11,0
14,0
5,0
7,0
1,0
3,0
3,1
1,1
18,1
4,1
6,1
15,1
9,1
12,1
1,1
1,1
1,1
7,0
10,0
16,0
15,0
14,0
4,0
11,0
3,0
9,2
2,2
16,2
13,2
9,2
8,2
7,0
2,0
11,1
1,1
15,1
9,1
11,1
0,1
9,1
4,1
6,0
2,0
11,0
2,0
7,2
2,2
14,2
8,2
1,0
6,0
2,0
10,2
1,2
9,2
15,2
11,0
15,0
15,0
13,2
5,2
19,2
16,2
16,2
4,2
11,2
10,2
8,0
7,0
7,0
15,0
14,0
17,0
14,0
14,0
4,0
5,0
18,2
1,2
0,2
16,2
0,2
7,2
13,2
1,2
2,0
19,0
19,0
19,2
0,2
4,2
6,0
2,0
7,0
10,0
14,2
19,2
8,2
10,2
3,0
5,0
15,0
9,0
13,0
1,0
1,0
14,0
