13,0
5,2
15,2
2,2
0,2
12,2
11,2
9,0
7,0
19,0
13,1
3,1
15,1
7,1
19,1
7,1
7,1
10,1
15,1
19,1
10,1
11,1
15,1
10,0
18,0
6,0
0,2
1,2
10,2
13,2
3,2
6,2
9,0
9,1
18,1
18,1
7,1
3,0
16,0
0,0
1,0
19,0
14,1
18,1
7,1
19,1
11,1
3,1
11,1
3,1
16,1
9,1
9,1
11,1
13,1
4,1
10,1
6,1
0,1
10,1
3,0
13,0
13,0
6,0
5,2
13,2
5,2
9,2
3,0
12,1
10,1
9,1
9,1
0,1
4,1
2,1
16,1
0,1
15,1
0,1
18,1
0,1
10,1
3,1
0,1
10,0
1,0
0,0
11,2
0,2
8,2
13,1
14,1
19,1
18,1
7,1
19,1
9,1
3,1
0,1
7,1
19,1
6,1
0,1
16,1
9,0
11,0
0,0
10,0
8,0
3,2
11,2
2,2
11,2
6,2
9,1
10,1
19,1
9,1
0,1
16,1
11,1
0,1
16,1
9,1
11,1
15,1
6,1
6,1
18,1
5,1
11,1
1,0
10,0
10,0
15,0
5,2
7,2
18,2
16,2
2,2
9,0
2,0
0,1
10,1
0,1
16,1
7,1
10,1
13,1
19,1
14,0
12,0
19,0
6,1
6,1
7,1
9,1
13,1
6,1
7,1
3,1
13,1
10,1
5,1
15,1
0,1
12,0
6,0
18,0
18,0
13,0
11,0
2,0
9,2
16,2
16,2
14,2
3,0
0,0
10,0
9,1
10,1
0,1
4,1
16,1
8,1
13,1
14,1
10,1
10,1
7,1
1,1
15,1
10,1
15,0
11,0
18,0
13,2
7,2
3,2
11,1
16,1
11,1
10,1
9,1
8,1
15,1
7,1
3,1
0,1
9,1
19,1
6,1
13,1
10,0
11,0
6,0
1,0
6,0
2,0
9,0
3,0
10,0
11,2
2,2
8,2
11,2
0,2
11,2
10,0
8,0
13,1
18,1
0,1
15,1
15,1
3,1
19,1
6,1
15,1
10,1
11,1
2,1
16,1
0,1
11,0
9,0
17,0
10,0
2,0
10,0
18,0
13,0
5,0
15,0
2,0
0,0
12,0
11,0
9,0
7,0
19,0
13,0
3,0
15,0
7,0
19,0
7,0
7,0
10,0
15,0
19,0
10,0
11,0
15,0
10,0
18,0
6,0
0,0
1,0
10,0
13,0
3,0
6,0
9,0
9,0
18,0
18,0
7,0
3,0
16,0
0,0
1,0
19,0
14,0
18,0
7,0
19,0
11,0
3,0
11,0
3,0
16,0
9,0
9,0
11,0
13,0
4,0
10,0
6,0
0,0
10,0
3,0
13,0
13,0
6,0
5,0
13,0
5,0
9,0
3,0
12,0
10,0
9,0
9,0
0,0
4,0
2,0
16,0
0,0
15,0
0,0
18,0
0,0
10,0
3,0
0,0
10,0
1,0
0,0
11,0
0,0
8,0
13,0
14,0
19,0
18,0
7,0
19,0
9,0
3,0
0,0
7,0
19,0
6,0
0,0
16,0
9,0
11,0
0,0
10,0
8,0
3,0
11,0
2,0
11,0
6,0
9,0
10,0
19,0
9,0
0,0
16,0
11,0
0,0
16,0
9,0
11,0
15,0
6,0
6,0
18,0
5,0
11,0
1,0
10,0
10,0
15,0
5,0
7,0
18,0
16,0
2,0
9,0
2,0
0,0
10,0
0,0
16,0
7,0
10,0
13,0
19,0
14,0
12,0
19,0
6,0
6,0
7,0
9,0
13,0
6,0
7,0
3,0
13,0
10,0
5,0
15,0
0,0
12,0
6,0
18,0
18,0
13,0
11,0
2,0
9,0
16,0
16,0
14,0
3,0
0,0
10,0
9,0
10,0
0,0
4,0
16,0
8,0
13,0
14,0
10,0
10,0
7,0
1,0
15,0
10,0
15,0
11,0
18,0
13,0
7,0
3,0
11,0
16,0
11,0
10,0
9,0
8,0
15,0
7,0
3,0
0,0
9,0
19,0
6,0
13,0
10,0
11,0
6,0
1,0
6,0
2,0
9,0
3,0
10,0
11,0
2,0
8,0
11,0
0,0
11,0
10,0
8,0
13,0
18,0
0,0
15,0
15,0
3,0
19,0
6,0
15,0
10,0
11,0
2,0
16,0
0,0
11,0
9,0
17,0
10,0
2,0
