15,0
17,1
5,1
0,1
18,1
16,1
3,1
2,1
10,1
9,1
7,1
16,1
7,0
11,0
19,0
3,0
11,2
0,2
19,2
9,2
18,2
15,2
1,0
0,0
7,0
3,0
0,0
19,2
17,2
0,2
16,2
15,2
7,0
7,0
10,0
15,0
10,0
5,0
14,1
2,1
6,1
9,1
7,1
6,1
9,1
19,1
5,1
7,1
13,1
3,0
2,0
14,1
0,1
7,1
10,1
5,1
15,1
2,1
7,0
10,2
8,2
9,2
5,0
7,0
5,2
11,2
13,2
12,2
10,2
10,2
1,2
0,2
3,0
3,0
1,0
15,2
9,2
18,2
7,2
1,2
8,2
3,0
0,0
6,2
7,2
19,2
19,2
4,2
19,2
1,2
16,0
11,0
5,0
16,2
19,2
9,2
9,2
0,2
8,2
18,2
14,0
14,0
16,0
19,0
5,0
0,1
7,1
6,1
0,1
16,1
11,1
9,1
19,1
6,1
5,1
10,1
0,1
3,1
18,1
10,1
9,1
7,1
19,1
5,0
18,0
15,0
17,0
5,0
0,0
18,0
16,0
3,0
2,0
10,0
9,0
7,0
16,0
7,0
11,0
19,0
3,0
11,0
0,0
19,0
9,0
18,0
15,0
1,0
0,0
7,0
3,0
0,0
19,0
17,0
0,0
16,0
15,0
7,0
7,0
10,0
15,0
10,0
5,0
14,0
2,0
6,0
9,0
7,0
6,0
9,0
19,0
5,0
7,0
13,0
3,0
2,0
14,0
0,0
7,0
10,0
5,0
15,0
2,0
7,0
10,0
8,0
9,0
5,0
7,0
5,0
11,0
13,0
12,0
10,0
10,0
1,0
0,0
3,0
3,0
1,0
15,0
9,0
18,0
7,0
1,0
8,0
3,0
0,0
6,0
7,0
19,0
19,0
4,0
19,0
1,0
16,0
11,0
5,0
16,0
19,0
9,0
9,0
0,0
8,0
18,0
14,0
14,0
16,0
19,0
5,0
0,0
7,0
6,0
0,0
16,0
11,0
9,0
19,0
6,0
5,0
10,0
0,0
3,0
18,0
10,0
9,0
7,0
19,0
5,0
18,0
