12,0
0,0
18,0
16,0
2,0
16,0
14,0
8,2
2,2
17,0
7,0
9,0
0,0
7,0
11,0
10,0
18,0
16,0
3,0
10,0
10,0
5,0
11,0
2,1
7,1
7,1
13,1
18,1
10,1
7,1
3,1
16,1
11,1
11,1
11,0
3,2
9,2
18,0
10,0
16,0
13,0
3,0
2,0
7,0
18,0
6,2
2,2
7,2
18,2
16,2
7,2
11,2
9,2
10,0
3,0
19,0
10,0
11,0
6,1
11,1
11,1
19,1
14,1
0,1
16,1
13,1
13,1
19,1
16,1
7,1
8,1
18,0
9,0
11,2
16,2
5,2
11,2
3,2
10,1
10,1
10,1
1,1
12,1
11,1
3,1
6,1
7,1
8,1
9,1
9,1
7,1
2,1
8,1
15,1
17,1
15,1
8,0
14,0
3,2
13,2
16,2
0,2
19,0
2,0
3,0
6,0
11,0
10,0
1,1
6,1
6,1
10,1
16,1
15,1
19,1
16,1
6,1
6,1
9,1
11,1
11,1
19,1
16,1
7,1
5,1
11,1
6,1
19,1
11,1
18,1
19,1
1,1
14,1
14,1
1,0
7,0
19,0
13,0
15,0
6,2
1,2
16,0
10,1
0,1
10,1
16,0
11,2
6,2
12,1
7,1
18,1
18,1
2,1
19,1
13,1
17,1
15,1
10,1
0,1
13,0
10,0
3,2
17,2
9,2
8,0
14,0
7,0
15,0
9,0
10,0
10,0
10,0
8,0
0,0
9,0
15,0
11,0
3,0
2,0
0,0
6,0
0,0
10,0
0,0
11,0
9,0
9,0
3,0
3,0
10,0
1,0
6,0
11,0
7,0
18,0
8,0
13,2
11,2
15,2
10,2
3,0
3,0
10,0
19,0
11,0
15,1
2,1
