11,0
19,0
13,0
6,1
1,1
4,1
6,1
10,1
0,1
1,1
16,1
10,1
11,1
1,1
10,1
7,0
12,0
3,0
7,1
18,1
1,1
7,1
9,1
15,1
10,1
0,1
2,1
17,1
12,1
4,1
10,1
0,1
11,1
17,1
6,1
15,1
7,1
18,0
2,0
16,0
1,0
0,0
16,2
2,2
18,2
2,0
0,0
7,0
3,0
1,0
15,0
16,2
3,2
18,2
7,0
9,0
13,0
5,0
9,2
2,2
15,0
1,0
18,0
17,0
4,0
2,0
3,0
7,0
11,0
16,0
14,0
7,0
0,0
19,0
2,0
0,0
4,0
8,0
10,0
15,1
4,1
15,1
0,1
10,1
10,1
5,1
3,0
2,0
9,1
0,1
3,1
0,1
19,1
0,1
4,1
0,1
11,1
1,1
19,1
19,1
1,1
3,0
14,0
5,1
7,1
9,1
1,1
0,1
17,1
19,1
0,1
17,1
1,1
2,1
1,1
4,1
5,0
2,0
1,0
3,0
19,1
1,1
5,1
18,1
19,1
5,1
7,0
4,0
7,0
19,0
