7,0
17,0
11,0
18,0
13,0
11,0
7,0
2,0
13,0
18,0
18,0
13,0
15,0
10,0
9,0
14,0
11,0
16,0
17,0
18,0
15,0
0,0
6,0
5,0
13,0
4,0
19,0
15,0
1,0
2,0
15,0
8,0
10,0
16,0
15,0
19,0
16,0
15,0
6,0
15,0
6,0
5,0
6,0
13,0
10,0
18,0
11,0
16,0
0,0
7,0
7,0
10,0
9,0
18,0
17,0
9,0
7,0
10,0
16,0
11,0
0,0
7,0
12,0
6,0
7,0
3,0
17,0
15,0
17,0
19,0
3,0
3,0
16,0
14,0
13,0
2,0
11,0
19,0
5,0
15,0
0,0
1,0
13,0
17,0
9,0
14,0
7,0
6,0
14,0
2,0
2,0
0,0
7,0
2,0
2,0
6,0
8,0
4,0
7,0
2,0
9,0
11,0
0,0
14,0
15,0
10,0
5,0
0,0
17,0
2,0
3,0
0,0
14,0
4,0
3,0
11,0
16,0
13,0
10,0
13,0
9,0
4,0
11,0
1,0
14,0
18,0
19,0
14,0
7,0
17,0
11,0
18,0
13,0
11,0
7,0
2,0
13,0
18,0
18,0
13,0
15,0
10,0
9,0
14,0
11,0
16,0
17,0
18,0
15,0
0,0
6,0
5,0
13,0
4,0
19,0
15,0
1,0
2,0
15,0
8,0
10,0
16,0
15,0
19,0
16,0
15,0
6,0
15,0
6,0
5,0
6,0
13,0
10,0
18,0
11,0
16,0
0,0
7,0
7,0
10,0
9,0
18,0
17,0
9,0
7,0
10,0
16,0
11,0
0,0
7,0
12,0
6,0
7,0
3,0
17,0
15,0
17,0
19,0
3,2
3,2
16,2
14,2
13,0
2,0
11,2
19,2
5,2
15,2
0,2
1,0
13,0
17,0
9,0
14,0
7,1
6,1
14,1
2,1
2,1
0,1
7,1
2,1
2,1
6,1
8,1
4,1
7,0
2,0
9,2
11,2
0,0
14,0
15,0
10,0
5,1
0,1
17,1
2,1
3,1
0,1
14,1
4,1
3,1
11,1
16,1
13,1
10,1
13,0
9,0
4,0
11,2
1,2
14,2
18,2
19,2
14,2
5,2
7,2
17,0
11,0
18,0
13,0
11,2
7,2
2,2
13,2
18,0
18,0
13,0
15,0
10,0
9,0
14,1
11,1
16,1
17,1
18,1
15,1
0,1
6,1
5,1
13,0
4,0
19,0
15,0
1,0
2,0
15,1
8,1
10,1
16,1
15,1
19,0
16,0
15,2
6,2
15,2
6,2
5,0
6,0
13,0
10,0
18,0
11,0
16,0
0,2
7,2
7,2
10,2
9,0
18,0
17,0
9,0
7,0
10,0
16,2
11,2
0,2
7,2
12,2
6,2
7,2
3,0
17,0
15,0
17,0
19,0
3,0
3,0
16,0
14,0
13,0
2,0
11,0
19,0
5,0
15,0
0,0
1,0
13,0
17,0
9,0
14,0
7,0
6,0
14,0
2,0
2,0
0,0
7,0
2,0
2,0
6,0
8,0
4,0
7,0
2,0
9,0
11,0
0,0
14,0
15,0
10,0
5,0
0,0
17,0
2,0
3,0
0,0
14,0
4,0
3,0
11,0
16,0
13,0
10,0
13,0
9,0
4,0
11,0
1,0
14,0
18,0
19,0
14,0
5,0
7,0
17,0
11,0
18,0
13,0
11,0
7,0
2,0
13,0
18,0
18,0
13,0
15,0
10,0
9,0
14,0
11,0
16,0
17,0
18,0
15,0
0,0
6,0
5,0
13,0
4,0
19,0
15,0
1,0
2,0
15,0
8,0
10,0
16,0
15,0
19,0
16,0
15,0
6,0
15,0
6,0
5,0
6,0
13,0
10,0
18,0
11,0
16,0
0,0
7,0
7,0
10,0
9,0
18,0
17,0
9,0
7,0
10,0
16,0
11,0
0,0
7,0
12,0
6,0
7,0
3,0
17,0
15,0
17,0
19,0
3,0
3,0
16,0
14,0
13,0
2,0
11,0
19,0
5,0
15,0
0,0
1,0
13,0
17,0
9,0
14,0
7,0
6,0
14,0
2,0
2,0
0,0
7,0
2,0
2,0
6,0
8,0
4,0
7,0
2,0
9,0
11,0
0,0
14,0
15,0
10,0
5,0
0,0
17,0
2,0
3,0
0,0
14,0
4,0
3,0
11,0
16,0
13,0
10,0
13,0
9,0
4,0
11,0
1,0
14,0
18,0
19,0
14,0
