3,0
10,0
7,0
16,0
6,0
2,0
10,0
18,0
13,0
5,0
15,0
12,0
0,0
15,0
1,0
14,0
8,0
5,0
17,0
5,0
0,0
3,0
6,0
3,0
0,0
19,0
1,0
11,0
7,0
16,0
4,0
15,0
13,0
14,0
19,0
1,0
18,0
10,0
7,0
8,0
19,0
6,0
19,0
6,0
6,0
15,0
1,0
7,0
12,0
8,0
19,0
4,0
6,1
3,1
0,1
19,1
11,1
11,1
10,1
11,1
0,1
12,0
7,0
15,0
19,0
11,1
15,1
19,1
10,1
17,1
19,1
15,1
0,1
3,1
7,1
10,0
1,0
19,2
19,2
3,2
3,2
11,2
16,2
11,2
3,2
10,2
10,2
19,2
3,2
5,2
16,0
9,0
6,0
11,0
19,1
15,1
13,1
4,1
0,1
14,1
3,1
1,1
2,1
10,1
3,1
11,1
0,1
13,1
15,0
18,0
9,0
4,0
1,0
3,2
7,2
16,2
16,2
1,2
1,2
17,2
9,0
4,0
8,0
4,2
13,2
10,2
0,2
10,2
11,2
3,0
15,0
7,0
6,0
1,0
10,2
15,2
8,2
0,2
19,2
7,2
4,0
0,0
13,0
0,2
0,2
4,2
10,2
6,2
1,2
11,0
5,0
1,0
1,0
