5,0
5,0
9,0
11,0
3,0
14,0
10,0
2,0
18,0
6,0
19,2
6,2
14,0
13,0
16,0
13,0
5,2
2,2
5,2
3,0
7,0
11,0
2,0
19,0
15,2
10,2
6,2
15,0
10,1
11,1
7,1
6,1
19,0
17,0
10,0
0,2
3,2
13,2
9,2
13,2
16,2
2,0
4,0
6,0
16,0
9,0
4,0
14,0
14,0
12,0
16,0
0,0
8,1
12,1
16,1
3,1
10,1
5,1
11,1
11,1
10,1
11,1
0,1
6,1
2,1
9,1
3,0
19,0
1,0
9,0
9,2
15,2
13,2
15,2
19,2
3,2
14,0
6,0
2,0
3,0
11,0
14,0
11,1
5,1
10,1
11,1
11,1
13,1
0,1
0,1
2,1
18,1
14,0
10,0
15,0
13,0
3,1
2,1
17,1
3,0
13,2
10,2
16,2
7,2
18,0
15,0
5,0
15,1
6,1
9,1
6,1
6,1
13,1
0,1
10,1
11,1
15,1
13,1
11,1
0,1
9,1
19,0
11,0
11,0
14,0
6,0
7,0
6,0
3,0
5,0
19,0
9,0
8,0
5,0
15,0
15,0
13,0
18,2
10,2
19,2
7,2
14,2
3,0
7,0
11,0
19,0
10,2
11,2
3,2
18,2
2,2
7,2
19,2
6,0
2,0
16,0
14,0
18,0
3,1
3,1
9,1
9,1
15,1
3,1
19,1
11,1
15,1
0,1
15,1
16,1
10,1
11,0
5,0
5,0
9,0
11,0
3,0
14,0
10,0
2,0
18,0
6,0
19,0
6,0
14,0
13,0
16,0
13,0
5,0
2,0
5,0
3,0
7,0
11,0
2,0
19,0
15,0
10,0
6,0
15,0
10,0
11,0
7,0
6,0
19,0
17,0
10,0
0,0
3,0
13,0
9,0
13,0
16,0
2,0
4,0
6,0
16,0
9,0
4,0
14,0
14,0
12,0
16,0
0,0
8,0
12,0
16,0
3,0
10,0
5,0
11,0
11,0
10,0
11,0
0,0
6,0
2,0
9,0
3,0
19,0
1,0
9,0
9,0
15,0
13,0
15,0
19,0
3,0
14,0
6,0
2,0
3,0
11,0
14,0
11,0
5,0
10,0
11,0
11,0
13,0
0,0
0,0
2,0
18,0
14,0
10,0
15,0
13,0
3,0
2,0
17,0
3,0
13,0
10,0
16,0
7,0
18,0
15,0
5,0
15,0
6,0
9,0
6,0
6,0
13,0
0,0
10,0
11,0
15,0
13,0
11,0
0,0
9,0
19,0
11,0
11,0
14,0
6,0
7,0
3,0
5,0
19,0
9,0
8,0
5,0
15,0
15,0
13,0
18,0
10,0
19,0
7,0
14,0
3,0
7,0
11,0
19,0
10,0
11,0
3,0
18,0
2,0
7,0
19,0
6,0
2,0
16,0
14,0
18,0
3,0
3,0
9,0
9,0
15,0
3,0
19,0
11,0
15,0
0,0
15,0
16,0
10,0
11,0
