5,0
13,0
1,0
6,0
13,0
15,0
9,0
6,0
16,0
9,0
1,0
2,0
0,0
16,0
15,0
7,0
13,0
0,0
0,0
6,0
2,0
9,0
19,0
15,0
6,0
8,0
7,0
6,0
1,0
0,0
14,0
2,0
19,0
19,0
18,0
11,0
7,0
11,0
10,0
6,0
2,0
5,2
1,2
1,0
9,1
0,1
19,1
11,1
1,1
13,1
2,1
1,1
11,1
15,0
17,0
14,0
3,1
15,1
1,1
5,1
13,1
10,0
6,0
6,0
0,0
11,0
0,0
19,0
7,0
5,0
10,0
1,0
2,2
8,2
1,2
12,2
0,2
2,0
10,0
10,0
7,0
4,0
4,2
18,2
6,2
3,2
6,2
6,2
1,0
10,0
10,0
9,0
0,0
6,0
13,0
12,1
14,1
2,1
6,1
16,1
10,1
0,1
11,1
8,1
10,1
13,1
8,1
17,1
6,1
15,0
5,0
14,0
12,0
11,0
17,2
0,2
12,0
1,2
10,2
1,2
19,2
0,2
10,0
8,0
9,0
0,0
5,0
0,0
10,2
6,2
18,2
4,2
16,2
15,0
11,0
7,0
1,0
0,0
10,1
18,1
8,1
3,1
10,1
2,1
0,1
18,1
1,0
19,0
10,0
13,0
3,0
3,0
3,1
0,1
2,1
14,1
1,1
10,1
15,1
4,1
13,1
7,1
10,1
12,1
11,1
2,1
15,1
1,1
3,1
7,1
11,1
15,1
18,1
15,1
16,0
2,0
10,0
0,0
13,0
16,0
14,0
14,0
6,0
18,0
10,0
1,0
16,2
7,2
1,2
19,0
16,0
14,0
6,0
15,0
19,2
9,2
18,2
15,2
13,0
7,1
16,1
10,1
10,1
10,0
3,0
10,0
10,0
15,0
7,0
11,0
8,0
9,0
14,0
14,0
15,1
8,1
0,1
10,1
3,1
10,1
9,1
1,1
3,1
1,1
2,1
9,1
5,1
12,0
10,0
12,1
3,1
15,1
7,1
10,1
6,1
7,1
5,1
13,1
15,1
15,1
3,1
3,1
7,1
16,1
6,1
10,1
9,1
1,1
10,0
0,0
15,0
1,1
4,1
10,1
5,1
18,1
6,1
14,1
1,1
6,1
1,1
14,1
2,0
14,1
11,1
15,1
10,1
19,1
15,1
0,1
12,1
9,1
14,1
10,1
5,0
11,0
3,0
10,1
6,1
9,1
0,1
15,1
8,1
5,1
10,1
10,1
7,1
19,1
14,1
