16,0
1,0
10,0
10,0
0,0
9,0
15,0
14,0
8,2
10,2
3,2
3,2
0,2
19,2
10,0
15,0
13,0
7,1
0,1
7,1
10,1
0,1
5,1
0,1
0,1
5,1
3,1
7,1
0,1
2,1
19,1
10,1
19,1
18,1
16,0
19,0
13,2
0,2
7,2
0,2
0,2
5,2
14,0
14,0
18,0
15,0
14,0
0,0
0,0
5,0
1,0
12,0
8,1
16,1
9,1
17,1
7,1
10,1
0,1
14,1
3,1
3,1
3,1
0,0
19,0
10,0
18,0
1,0
1,0
11,1
6,1
3,1
9,1
0,1
0,1
10,1
3,1
8,1
10,1
1,1
19,1
0,1
8,1
1,1
8,1
7,1
1,1
13,0
10,2
3,2
15,2
9,2
18,0
1,0
11,0
10,0
14,1
3,1
7,1
1,1
17,1
10,0
16,0
0,0
0,0
19,0
2,0
3,0
8,0
15,0
14,0
3,0
15,0
3,0
8,0
3,0
10,0
19,0
7,0
6,0
19,0
0,0
3,0
3,0
9,1
1,1
15,1
9,1
9,1
3,1
6,1
13,1
3,1
14,1
16,1
10,1
19,1
19,1
16,1
4,1
0,1
0,1
9,1
7,1
6,1
8,1
14,1
3,1
8,0
6,0
0,2
16,2
1,2
3,2
0,2
0,0
10,0
13,0
0,0
16,0
8,1
6,1
11,1
2,1
19,1
14,1
19,1
1,1
10,1
17,1
6,1
3,1
10,1
14,1
18,1
0,1
19,1
13,1
11,0
15,0
7,0
0,2
19,2
6,2
10,2
14,0
5,0
7,0
13,1
1,1
10,1
7,1
15,1
0,0
3,0
19,0
15,0
15,0
19,0
11,0
14,0
6,0
12,0
1,2
15,2
5,2
11,0
13,0
5,0
0,2
19,2
6,0
1,0
18,0
15,1
15,1
5,1
12,1
19,1
10,1
10,1
2,1
7,1
2,1
2,1
10,1
13,1
3,1
1,1
10,1
3,1
6,1
8,1
0,1
1,1
5,1
2,1
0,1
14,0
8,0
7,0
7,1
18,1
7,1
6,1
16,1
16,1
17,1
14,1
19,1
19,1
1,1
15,1
3,1
3,1
15,0
