19,0
6,0
10,0
16,0
6,0
15,0
16,0
1,0
16,2
9,2
14,2
10,0
3,0
6,0
0,0
7,0
7,0
16,2
16,2
16,2
10,0
16,1
0,1
1,1
5,1
13,1
16,1
2,1
7,1
5,1
11,1
9,1
13,1
19,1
3,1
16,1
4,1
16,1
5,1
4,1
8,1
10,1
5,1
7,1
11,1
16,0
11,0
16,0
2,0
2,0
2,0
19,0
15,0
10,0
7,1
10,1
0,1
3,1
10,1
0,1
7,1
0,0
6,0
14,0
1,0
1,0
3,0
2,1
19,1
10,1
0,1
10,1
19,1
6,1
13,1
10,1
11,1
2,1
14,0
11,0
15,0
18,0
3,0
7,0
6,0
3,0
3,0
18,0
15,0
6,0
10,0
8,0
14,0
2,0
9,0
15,0
1,0
14,0
3,0
9,0
18,1
14,1
6,1
12,1
1,1
2,0
18,0
16,1
6,1
3,1
3,1
9,1
13,1
3,1
19,1
0,1
7,1
18,1
16,1
10,1
9,1
0,1
14,1
11,1
10,1
3,1
6,0
1,0
17,0
7,0
7,0
16,0
9,0
18,0
13,0
