16,0
4,0
7,0
10,0
1,0
11,0
18,0
11,0
6,0
14,0
5,0
10,0
8,0
15,0
16,0
7,0
7,0
10,0
13,0
16,0
3,0
9,0
16,0
15,1
8,1
14,1
17,1
5,0
0,0
0,2
9,2
13,2
0,2
5,2
2,2
1,0
15,0
7,0
6,2
1,2
13,2
10,2
4,2
7,2
7,2
9,2
10,2
9,2
15,0
15,0
4,2
17,2
19,2
10,2
16,0
0,1
0,1
8,1
4,0
13,0
5,0
6,0
15,0
18,0
10,2
14,2
3,2
5,2
10,0
11,0
19,0
19,0
10,0
7,0
1,0
16,0
18,0
1,0
19,0
11,0
14,2
7,2
6,2
6,2
6,2
5,2
16,2
13,2
11,2
19,2
11,0
11,0
18,0
9,0
19,0
8,0
11,0
6,0
13,0
3,0
3,0
3,0
16,0
18,2
2,2
2,2
3,2
9,2
0,2
10,0
10,0
5,0
10,0
11,0
15,0
15,0
14,0
5,0
4,0
0,0
5,0
6,0
15,0
3,0
15,0
19,0
1,0
0,0
9,0
4,0
10,0
14,0
6,0
0,0
2,2
10,2
5,2
10,2
14,2
3,2
17,0
16,0
6,0
4,0
6,0
10,0
15,0
7,0
18,0
7,0
11,0
8,0
11,0
15,0
15,0
15,2
14,2
13,2
18,2
15,2
6,2
5,0
10,0
11,0
6,1
7,1
8,1
19,0
1,0
10,0
18,0
14,0
15,0
15,0
1,0
4,0
0,0
14,0
11,0
13,2
10,2
13,2
2,2
11,0
16,0
19,0
16,0
2,0
2,0
12,0
10,0
4,0
0,0
7,0
3,0
16,0
1,0
15,2
7,2
6,2
9,2
18,2
14,2
2,0
19,0
8,2
3,2
0,2
4,2
5,2
7,2
3,2
15,2
7,2
7,2
14,0
10,0
19,0
4,0
12,0
2,0
3,0
2,0
8,0
12,0
16,2
10,2
10,2
7,2
9,2
9,1
15,1
17,1
7,1
19,1
7,1
4,1
7,1
6,1
11,1
3,1
19,0
14,0
7,0
19,0
18,0
16,0
11,0
19,0
16,0
2,0
18,0
10,0
7,0
17,0
9,0
1,0
3,0
2,0
12,0
8,0
10,0
