7,0
1,0
13,0
0,0
5,0
15,0
5,0
16,0
1,0
6,0
3,0
18,2
10,2
0,2
10,0
10,0
0,1
6,1
3,1
9,1
6,1
1,1
3,1
9,0
14,0
18,0
3,1
14,1
6,1
14,1
9,1
7,0
1,0
18,0
2,0
19,0
0,0
14,0
7,0
16,0
11,0
19,2
10,2
10,2
10,2
15,0
6,0
1,0
3,0
6,2
8,2
10,2
8,2
10,2
3,2
14,2
19,2
13,0
17,0
7,2
18,2
0,2
14,2
7,2
14,2
14,2
10,2
9,0
2,0
0,0
1,0
19,0
6,0
16,0
0,0
0,0
16,0
15,0
1,0
12,0
13,0
11,2
14,2
10,2
17,1
5,1
8,1
7,1
1,1
0,0
9,0
4,0
13,0
0,1
3,1
7,1
17,1
13,1
6,1
17,1
11,1
5,2
14,2
13,2
13,2
9,2
18,2
1,0
0,2
3,2
7,2
5,2
14,0
9,0
13,0
12,0
0,0
0,0
9,0
7,0
15,0
16,0
14,2
13,2
6,2
1,2
7,2
3,0
6,0
0,0
6,0
7,0
13,2
10,2
9,2
19,2
16,2
0,2
0,2
0,0
3,0
5,1
7,1
10,1
19,1
3,1
9,0
8,0
3,0
1,0
1,0
14,2
10,2
19,2
10,2
15,2
14,2
6,2
0,0
0,1
1,1
6,1
17,1
12,1
1,1
5,1
6,0
9,0
15,2
7,2
11,2
6,0
0,2
15,2
6,1
9,1
0,1
0,1
15,1
7,1
4,1
19,1
14,1
0,1
2,0
5,0
13,0
15,1
17,1
8,1
14,1
19,1
15,1
1,1
0,1
19,1
7,1
2,1
19,1
11,1
2,0
5,1
7,1
0,1
6,0
10,2
9,2
5,2
14,2
19,2
7,0
1,1
13,1
0,1
5,1
15,1
5,1
16,0
1,0
6,0
3,0
18,1
10,1
0,1
10,1
10,1
0,1
6,0
3,0
9,0
6,0
1,0
3,0
9,0
14,0
18,0
3,0
14,0
6,0
14,0
9,0
7,0
1,0
18,0
2,0
19,0
0,0
14,0
7,0
16,0
11,0
19,0
10,0
10,0
10,0
15,0
6,0
1,0
3,0
6,0
8,0
10,0
8,0
10,0
3,0
14,0
19,0
13,0
17,0
7,0
18,0
0,0
14,0
7,0
17,0
3,0
11,0
14,0
14,0
10,0
9,0
2,0
0,0
1,0
19,0
6,0
16,0
0,0
0,0
16,0
15,0
1,0
12,0
13,0
11,0
14,0
10,0
17,0
5,0
8,0
7,0
1,0
0,0
9,0
4,0
13,0
0,0
3,0
7,0
17,0
13,0
6,0
17,0
11,0
5,0
14,0
13,0
13,0
9,0
18,0
1,0
0,0
3,0
7,0
5,0
14,0
9,0
13,0
12,0
0,0
0,0
9,0
7,0
15,0
16,0
14,0
13,0
6,0
1,0
7,0
3,0
6,0
0,0
6,0
7,0
13,0
10,0
9,0
19,0
16,0
0,0
0,0
0,0
3,0
5,0
7,0
10,0
19,0
3,0
9,0
8,0
3,0
1,0
1,0
14,0
10,0
19,0
10,0
15,0
14,0
6,0
0,0
0,0
1,0
6,0
17,0
12,0
1,0
5,0
6,0
9,0
15,0
7,0
11,0
6,0
0,0
15,0
6,0
9,0
0,0
0,0
15,0
7,0
4,0
19,0
14,0
0,0
2,0
5,0
13,0
15,0
17,0
8,0
14,0
19,0
15,0
1,0
0,0
19,0
7,0
2,0
19,0
11,0
2,0
5,0
7,0
0,0
6,0
10,0
9,0
5,0
14,0
19,0
