14,0
19,0
16,0
14,0
0,0
9,0
15,0
7,0
16,0
10,0
1,0
3,0
8,0
10,0
1,0
6,0
11,0
7,0
19,0
11,0
10,0
6,0
0,0
5,0
1,0
14,0
8,0
7,0
13,0
11,0
0,0
10,0
3,0
9,0
16,0
10,0
14,0
12,0
14,0
14,0
1,0
17,0
16,0
5,0
19,0
14,0
3,0
14,0
2,0
19,0
14,0
3,0
0,0
13,0
19,0
19,0
9,0
0,0
3,0
1,0
10,0
7,0
2,0
15,0
19,0
18,0
16,0
15,0
2,0
0,0
5,0
10,0
19,0
19,0
18,0
1,0
10,0
9,0
7,0
3,0
13,0
3,0
14,0
0,0
6,0
0,0
9,0
16,0
8,0
7,0
18,0
9,0
3,0
15,0
5,0
11,0
10,0
10,0
0,0
17,0
5,0
16,0
16,0
2,0
0,1
15,1
12,1
0,1
2,1
13,1
3,1
7,1
13,1
14,0
15,0
15,2
9,2
9,2
6,2
7,0
16,0
18,0
1,0
6,0
2,0
3,0
12,0
16,0
10,2
2,2
16,2
15,0
1,0
1,0
8,0
19,0
9,0
0,0
16,2
15,2
7,0
0,0
3,0
11,0
18,0
10,0
19,0
15,0
10,2
15,2
19,2
16,2
16,2
0,2
10,0
15,0
5,0
0,0
19,0
16,0
3,0
7,0
14,0
0,0
16,2
3,2
0,2
9,2
19,2
2,2
7,2
13,2
5,2
19,2
19,0
0,0
