3,0
19,2
15,2
13,2
1,2
10,0
15,0
7,0
0,0
3,1
14,1
15,1
15,1
18,1
7,1
12,1
13,1
9,1
11,1
3,1
10,1
1,1
2,1
0,1
10,1
14,0
8,2
16,2
6,2
11,2
19,2
18,0
2,0
9,2
14,2
10,2
10,2
10,0
14,0
15,0
19,0
15,1
7,1
0,1
7,1
1,0
18,2
10,2
10,2
12,2
8,2
10,2
13,2
2,0
18,0
3,0
7,0
2,0
16,2
9,2
16,2
19,2
0,2
19,2
3,2
19,0
16,0
2,0
19,0
18,0
9,2
12,2
7,2
18,2
10,2
0,2
10,0
16,0
16,2
15,2
18,2
13,2
13,0
2,0
6,1
14,1
0,1
0,1
3,1
10,1
0,1
15,1
5,0
18,0
19,0
13,0
1,0
15,0
0,0
1,0
1,2
11,2
9,2
16,2
10,0
14,0
18,0
15,0
7,0
2,1
18,1
6,1
1,1
10,1
5,1
9,1
0,1
0,1
7,1
11,0
14,1
1,1
6,1
11,1
9,1
14,0
9,0
7,1
10,1
14,1
0,1
10,1
3,1
16,1
0,1
9,1
15,1
16,1
10,1
10,1
8,0
18,0
3,1
15,1
16,1
0,1
0,1
0,1
7,1
0,1
10,1
10,1
19,1
10,1
9,1
5,1
16,1
16,1
0,1
6,1
0,1
0,1
1,1
13,1
11,1
18,1
9,1
6,1
5,1
5,1
9,1
5,1
6,1
1,1
0,0
18,0
1,0
3,0
6,0
19,0
14,0
15,1
15,1
0,1
16,1
9,1
15,1
10,1
6,1
2,1
15,1
17,1
15,1
7,1
10,1
15,1
11,1
5,1
9,1
5,1
10,1
0,1
5,1
7,0
2,0
2,0
7,0
19,2
13,2
1,2
16,2
14,2
16,2
19,2
10,2
19,2
3,0
15,0
11,0
7,0
2,0
1,2
19,2
5,2
9,2
16,2
2,2
19,0
16,0
15,1
2,1
19,1
19,1
16,1
15,1
2,0
9,0
5,0
10,0
10,0
10,0
2,1
16,1
11,1
2,1
9,1
