16,0
2,0
0,0
2,0
3,0
10,0
1,0
2,0
2,0
6,0
19,0
13,0
13,0
9,2
15,2
14,2
15,2
2,2
2,2
16,0
2,0
11,0
19,0
10,0
3,2
11,2
9,2
15,2
5,2
15,0
6,0
19,0
11,0
10,0
17,2
2,2
11,2
10,2
15,2
7,0
0,0
2,0
5,1
11,1
17,1
1,1
10,0
9,2
18,2
3,2
16,2
2,2
11,2
5,0
0,0
18,0
11,0
9,2
11,2
19,2
12,2
3,2
2,2
16,0
15,0
10,0
9,0
10,0
16,2
17,2
2,2
0,2
14,2
10,0
15,0
15,0
19,0
15,0
19,0
11,2
16,2
3,2
16,2
2,2
7,0
3,0
2,0
5,1
18,1
17,1
18,1
10,0
10,2
5,2
2,2
18,2
9,2
15,0
1,0
2,0
19,0
9,0
9,0
1,2
2,2
18,2
12,2
2,2
14,0
2,0
10,0
19,0
10,0
5,2
18,2
2,2
9,2
3,2
3,0
16,0
10,0
12,0
19,0
15,2
16,2
5,2
16,2
15,2
15,0
15,0
2,0
5,1
13,1
13,1
11,0
13,2
15,2
2,2
4,2
9,2
18,2
6,1
0,1
10,1
2,1
2,1
1,1
2,1
4,0
11,2
10,2
5,2
16,2
5,2
10,2
2,2
15,0
3,0
1,0
13,0
10,0
15,0
11,2
2,2
10,2
2,2
15,0
5,0
9,0
9,0
19,0
10,0
17,2
5,2
17,2
13,2
3,0
15,0
15,0
1,0
5,1
11,1
17,1
9,1
9,0
6,2
18,2
2,2
6,2
16,2
11,2
15,0
0,0
18,0
16,0
10,2
11,2
4,2
5,2
6,2
2,2
2,0
1,0
18,0
10,0
16,0
17,2
9,2
5,2
2,2
15,0
2,0
2,0
18,0
19,0
6,0
16,0
18,2
5,2
15,2
16,2
3,0
15,0
10,0
9,0
5,1
18,1
17,1
2,1
9,0
2,2
18,2
10,2
3,2
2,2
3,2
0,0
15,0
11,2
18,2
9,2
10,2
18,2
2,2
10,2
5,2
3,2
16,0
2,0
1,0
19,0
10,0
3,2
19,2
18,2
2,2
15,2
5,0
9,1
0,1
2,1
7,0
16,0
8,0
19,0
9,0
19,0
3,2
15,2
18,2
8,2
7,2
2,0
16,0
2,0
5,1
5,1
17,1
9,1
9,0
2,2
10,2
9,2
17,2
9,2
12,0
15,0
5,0
16,0
2,0
0,0
2,0
3,0
10,0
1,0
2,0
2,0
6,0
19,0
13,0
13,0
9,0
15,0
14,0
15,0
2,0
2,0
16,0
2,0
11,0
19,0
10,0
3,0
11,0
9,0
15,0
5,0
15,0
6,0
19,0
11,0
10,0
17,0
2,0
11,0
10,0
15,0
7,0
0,0
2,0
5,0
11,0
17,0
1,0
10,0
9,0
18,0
3,0
16,0
2,0
11,0
5,0
0,0
18,0
11,0
9,0
11,0
19,0
12,0
3,0
2,0
16,0
15,0
10,0
9,0
10,0
16,0
17,0
2,0
0,0
14,0
10,0
15,0
15,0
19,0
15,0
19,0
11,0
16,0
3,0
16,0
2,0
7,0
3,0
2,0
5,0
18,0
17,0
18,0
10,0
10,0
5,0
2,0
18,0
9,0
15,0
1,0
2,0
19,0
9,0
9,0
1,0
2,0
18,0
12,0
2,0
14,0
2,0
10,0
19,0
10,0
5,0
18,0
2,0
9,0
3,0
3,0
16,0
10,0
12,0
19,0
15,0
16,0
5,0
16,0
15,0
15,0
15,0
2,0
5,0
13,0
13,0
11,0
13,0
15,0
2,0
4,0
9,0
18,0
6,0
0,0
10,0
2,0
2,0
1,0
2,0
4,0
11,0
10,0
5,0
16,0
5,0
10,0
2,0
15,0
3,0
1,0
13,0
10,0
15,0
11,0
2,0
10,0
2,0
15,0
5,0
9,0
9,0
19,0
10,0
17,0
5,0
17,0
13,0
3,0
15,0
15,0
1,0
5,0
11,0
17,0
9,0
9,0
6,0
18,0
2,0
6,0
16,0
11,0
15,0
0,0
18,0
16,0
10,0
11,0
4,0
5,0
6,0
2,0
2,0
1,0
18,0
10,0
16,0
17,0
9,0
5,0
2,0
15,0
2,0
2,0
18,0
19,0
6,0
16,0
18,0
5,0
15,0
16,0
3,0
15,0
10,0
9,0
5,0
18,0
17,0
2,0
9,0
2,0
18,0
10,0
3,0
2,0
3,0
0,0
15,0
11,0
18,0
9,0
10,0
18,0
2,0
10,0
5,0
3,0
16,0
2,0
1,0
19,0
10,0
3,0
19,0
18,0
2,0
15,0
5,0
9,0
0,0
2,0
7,0
16,0
8,0
19,0
9,0
19,0
3,0
15,0
18,0
8,0
7,0
2,0
16,0
2,0
5,0
5,0
17,0
9,0
9,0
2,0
10,0
9,0
