0,0
15,0
12,0
6,0
9,0
2,0
19,0
15,0
11,0
10,0
1,0
16,0
3,0
10,0
14,0
5,0
19,0
7,0
19,0
5,0
14,0
18,2
1,2
5,2
19,2
8,2
0,2
8,0
15,0
16,0
7,0
2,0
14,0
8,1
15,1
16,1
19,1
5,1
2,1
6,1
0,1
3,1
18,1
8,1
17,1
1,1
11,1
3,1
14,1
6,1
10,0
7,0
13,0
13,2
15,2
8,2
9,2
19,0
7,0
2,2
7,2
0,2
9,2
12,0
5,0
19,0
7,0
14,0
19,0
3,0
2,0
7,0
0,0
17,0
3,0
19,1
7,1
7,1
7,1
17,1
2,0
0,2
6,2
16,2
18,2
0,2
0,2
19,2
6,0
10,0
9,0
6,0
15,0
8,1
15,1
16,1
11,1
6,1
6,1
13,1
12,1
16,1
3,1
18,1
1,1
10,1
18,1
9,1
6,1
10,1
10,1
1,1
2,1
10,1
0,1
3,1
6,1
0,0
7,0
10,0
14,0
11,0
16,0
10,0
3,0
16,0
7,0
15,0
10,2
0,2
7,2
9,2
11,1
16,1
8,1
6,1
18,1
0,1
16,1
2,1
2,0
5,0
14,0
2,0
2,0
8,0
15,0
3,0
8,0
19,1
3,1
14,1
18,1
14,1
18,1
10,1
0,1
11,0
17,0
7,1
9,1
15,1
1,1
6,1
5,1
13,1
11,1
8,1
3,1
9,1
6,1
2,0
7,0
10,0
