0,0
16,0
15,0
16,0
11,0
11,0
10,0
8,0
11,0
6,2
14,2
0,2
16,2
10,2
9,2
11,2
0,2
9,2
3,2
7,0
3,0
16,2
19,2
11,2
10,2
12,2
18,2
11,0
7,0
5,2
14,2
12,2
16,2
13,2
1,2
10,2
10,0
10,0
19,2
3,2
16,0
14,0
6,0
13,0
2,0
6,0
11,0
18,0
7,0
14,0
6,0
0,0
15,0
0,1
13,1
16,1
11,1
11,1
12,1
19,1
6,1
2,1
0,1
11,1
11,1
9,1
6,1
19,1
6,0
13,0
3,0
11,2
7,2
5,2
1,2
16,0
3,0
11,0
18,0
7,0
1,0
7,0
10,0
0,0
18,0
9,0
18,0
0,2
3,2
7,2
11,2
12,2
19,2
2,2
6,0
0,0
10,2
19,2
1,1
5,1
7,1
10,1
0,1
11,1
19,1
0,1
18,0
19,0
18,0
11,2
7,2
2,0
2,0
16,0
8,1
6,1
5,1
10,1
10,1
6,0
11,1
0,1
6,1
0,1
5,1
0,1
11,1
11,1
6,1
11,1
10,1
2,1
9,1
17,1
15,1
6,0
