13,0
8,0
10,0
7,2
11,2
4,0
14,0
2,0
14,0
14,0
19,0
5,0
6,0
2,0
13,0
3,0
19,0
2,1
11,1
18,1
14,1
7,1
1,0
17,2
18,2
6,2
9,2
6,2
11,2
9,2
14,2
16,0
16,0
13,0
6,0
2,0
7,0
1,0
4,0
9,2
5,2
0,2
2,2
18,2
15,2
10,2
12,2
2,2
7,0
11,0
9,0
11,0
19,0
10,2
2,2
5,2
6,2
10,2
1,2
0,2
3,2
7,0
16,0
19,0
2,0
5,0
9,2
6,2
7,2
6,2
0,2
16,2
14,2
19,2
2,2
10,2
16,0
6,0
14,0
0,0
11,0
10,0
6,0
19,2
11,2
13,2
15,2
17,2
13,0
12,0
14,0
15,0
0,0
14,0
18,0
8,2
9,2
10,2
0,2
16,2
3,2
18,2
6,2
2,0
18,0
0,0
10,0
19,2
18,2
15,2
4,2
16,2
15,2
9,2
15,2
5,2
15,0
13,0
8,0
19,0
3,2
13,2
0,2
17,2
9,2
10,2
0,2
1,2
2,2
19,2
0,0
10,0
14,0
14,0
6,0
16,1
19,1
3,1
15,1
10,1
11,1
2,1
9,1
10,1
16,1
15,1
2,1
2,1
9,1
3,1
19,0
11,0
11,0
12,0
16,0
19,0
16,0
3,2
5,2
19,0
2,0
4,0
14,0
11,0
10,0
