0,0
5,0
15,0
19,0
14,1
18,1
7,1
19,1
15,1
5,1
9,1
11,0
0,1
14,1
0,1
10,1
8,1
15,1
5,1
7,1
18,0
16,0
7,0
15,0
2,0
19,2
11,2
19,2
0,2
19,2
9,2
3,2
15,2
7,0
9,0
3,0
15,0
15,0
8,0
14,0
3,0
10,0
11,0
19,0
0,2
7,2
7,2
0,2
15,2
12,2
19,0
14,0
15,0
6,0
16,0
14,0
2,0
13,0
5,0
3,0
3,0
2,0
15,1
8,1
7,1
16,1
8,1
19,1
0,1
7,1
16,1
19,1
0,1
0,0
10,0
2,0
2,0
15,0
9,0
7,0
19,0
10,0
7,0
19,0
0,0
14,0
15,0
15,0
0,0
10,2
18,2
0,2
19,2
11,2
19,2
10,0
7,0
3,0
0,0
7,0
15,0
7,0
5,1
18,1
15,1
17,1
9,1
9,1
2,1
7,1
9,1
6,1
17,1
0,1
9,1
0,1
2,1
2,0
12,0
3,2
19,2
9,2
2,2
12,2
15,0
10,0
7,0
7,0
14,0
15,0
7,0
15,0
0,1
0,1
10,1
11,1
0,1
0,1
19,1
3,1
11,1
0,1
19,1
0,1
15,1
7,1
19,1
19,2
19,2
19,2
0,2
0,2
0,0
7,0
2,0
6,0
7,0
15,0
16,0
7,0
15,0
15,0
15,0
16,0
19,0
7,0
18,0
14,0
7,0
11,0
18,0
14,0
15,0
19,0
9,2
0,2
19,2
7,0
0,0
19,0
3,0
15,0
15,0
2,0
5,0
1,0
0,0
15,0
13,0
15,0
15,0
19,0
7,0
14,0
6,0
10,0
3,0
19,0
12,0
0,0
14,0
7,0
19,0
15,0
9,2
5,2
15,2
16,2
10,2
14,0
7,0
2,0
11,2
18,2
7,2
0,2
18,2
2,0
7,0
16,1
15,1
12,1
0,1
15,1
14,1
8,1
19,1
0,1
7,1
0,1
0,1
0,1
10,1
9,1
10,1
15,1
11,1
8,0
14,0
2,0
17,0
16,1
2,1
16,1
5,1
19,1
1,1
15,1
15,1
10,1
5,1
2,1
16,1
16,0
16,0
11,0
10,0
7,0
3,0
15,0
13,0
18,0
18,0
7,0
11,0
7,0
10,0
9,0
2,0
19,0
5,0
0,0
0,0
0,0
5,0
