15,0
6,0
16,0
18,0
3,0
13,0
10,0
13,0
11,2
13,2
10,2
19,2
9,2
7,2
2,2
0,2
7,2
16,0
7,0
11,0
15,0
4,1
10,1
10,1
8,1
5,1
13,1
9,1
6,1
11,1
11,1
13,1
11,1
3,0
3,0
15,0
2,0
8,0
16,0
9,0
7,0
19,0
6,0
13,2
7,2
15,2
11,2
9,2
9,2
2,2
19,2
7,2
7,2
11,2
18,0
19,0
11,2
10,2
5,2
9,2
17,2
3,2
16,2
0,2
7,2
5,2
6,0
1,0
13,1
1,1
15,1
19,1
16,1
1,1
15,1
18,1
18,1
1,1
7,0
0,0
0,0
7,0
0,0
10,0
10,2
19,2
18,2
3,2
9,2
16,2
15,2
1,0
6,0
16,1
18,1
2,1
0,1
10,1
16,1
2,1
17,1
10,1
16,1
3,1
0,1
1,1
12,1
10,1
0,1
15,1
5,1
2,1
9,1
19,0
9,0
9,0
10,2
4,2
7,2
2,2
11,2
11,2
3,2
10,1
3,1
0,1
3,1
1,1
6,1
19,1
16,1
13,0
10,0
6,1
0,1
15,1
1,1
13,1
0,1
5,1
6,1
2,1
6,1
10,1
12,1
13,0
10,0
6,2
16,2
15,2
0,2
10,0
16,0
7,0
6,0
2,0
19,0
6,0
6,1
0,1
13,1
19,1
5,1
4,1
0,1
1,1
11,1
9,1
10,1
2,1
11,1
9,1
6,1
15,1
7,1
6,1
6,1
16,0
18,0
3,0
13,0
10,0
13,0
11,0
13,0
10,0
19,0
9,0
7,0
2,0
0,0
7,0
16,0
7,0
11,0
15,0
4,0
10,0
10,0
8,0
5,0
13,0
9,0
6,0
11,0
11,0
13,0
11,0
3,0
3,0
15,0
2,0
8,0
16,0
9,0
7,0
19,0
6,0
13,0
7,0
15,0
11,0
9,0
9,0
2,0
19,0
7,0
7,0
11,0
18,0
19,0
11,0
10,0
5,0
9,0
17,0
3,0
16,0
0,0
7,0
5,0
6,0
1,0
13,0
1,0
15,0
19,0
16,0
1,0
15,0
18,0
18,0
1,0
7,0
0,0
0,0
7,0
0,0
10,0
10,0
19,0
18,0
3,0
9,0
16,0
15,0
1,0
6,0
16,0
18,0
2,0
0,0
10,0
16,0
2,0
17,0
10,0
16,0
3,0
0,0
1,0
12,0
10,0
0,0
15,0
5,0
2,0
9,0
19,0
9,0
9,0
10,0
4,0
7,0
2,0
11,0
11,0
3,0
10,0
3,0
0,0
3,0
1,0
6,0
19,0
16,0
13,0
10,0
6,0
0,0
15,0
1,0
13,0
0,0
5,0
6,0
2,0
6,0
10,0
12,0
13,0
10,0
6,0
16,0
15,0
0,0
10,0
16,0
7,0
6,0
2,0
19,0
6,0
6,0
0,0
13,0
19,0
5,0
4,0
0,0
1,0
11,0
9,0
10,0
2,0
11,0
9,0
6,0
15,0
15,0
6,0
16,0
18,0
3,0
13,0
10,0
13,0
11,0
13,0
10,0
19,0
9,0
7,0
2,0
0,0
7,0
16,0
7,0
11,0
15,0
4,0
10,0
10,0
8,0
5,0
13,0
9,0
6,0
11,0
11,0
13,0
11,0
3,0
3,0
15,0
2,0
8,0
16,0
9,0
7,0
19,0
6,0
13,0
7,0
15,0
11,0
9,0
9,0
2,0
19,0
7,0
7,0
11,0
18,0
19,0
11,0
10,0
5,0
9,0
17,0
3,0
16,0
0,0
7,0
5,0
6,0
1,0
13,0
1,0
15,0
19,0
16,0
1,0
15,0
18,0
18,0
1,0
7,0
0,0
0,0
7,0
0,0
10,0
10,0
19,0
18,0
3,0
9,0
16,0
15,0
1,0
6,0
16,0
18,0
2,0
0,0
10,0
16,0
2,0
17,0
10,0
16,0
3,0
0,0
1,0
12,0
10,0
0,0
15,0
5,0
2,0
9,0
19,0
9,0
9,0
10,0
4,0
7,0
2,0
11,0
11,0
3,0
10,0
3,0
0,0
3,0
1,0
6,0
19,0
16,0
13,0
10,0
6,0
0,0
15,0
1,0
13,0
0,0
5,0
6,0
2,0
6,0
10,0
12,0
13,0
10,0
6,0
16,0
15,0
0,0
10,0
16,0
7,0
6,0
2,0
19,0
6,0
6,0
0,0
13,0
19,0
5,0
4,0
0,0
1,0
11,0
9,0
10,0
2,0
11,0
9,0
6,0
15,0
15,0
6,0
16,0
18,0
3,0
13,0
10,0
13,0
11,0
13,0
10,0
19,0
9,0
7,0
2,0
0,0
7,0
16,0
7,0
11,0
15,0
4,0
10,0
10,0
8,0
5,0
13,0
9,0
6,0
11,0
11,0
13,0
11,0
3,0
3,0
15,0
2,0
8,0
16,0
9,0
7,0
19,0
6,0
13,0
7,0
15,0
11,0
9,0
9,0
2,0
19,0
7,0
7,0
11,0
18,0
19,0
11,0
10,0
5,0
9,0
17,0
3,0
16,0
0,0
7,0
5,0
6,0
1,0
13,0
1,0
15,0
19,0
16,0
1,0
15,0
18,0
18,0
1,0
7,0
0,0
0,0
7,0
0,0
10,0
10,0
19,0
18,0
3,0
9,0
16,0
15,0
1,0
6,0
16,0
18,0
2,0
0,0
10,0
16,0
2,0
17,0
10,0
16,0
3,0
0,0
1,0
12,0
10,0
0,0
15,0
5,0
2,0
9,0
19,0
9,0
9,0
10,0
4,0
7,0
2,0
11,0
11,0
3,0
10,0
3,0
0,0
3,0
1,0
6,0
19,0
16,0
13,0
10,0
6,0
0,0
15,0
1,0
13,0
0,0
5,0
6,0
2,0
6,0
10,0
12,0
13,0
10,0
6,0
16,0
15,0
0,0
10,0
16,0
7,0
6,0
2,0
19,0
6,0
6,0
0,0
13,0
19,0
5,0
4,0
0,0
1,0
11,0
9,0
10,0
2,0
11,0
9,0
6,0
15,0
