1,0
7,0
12,2
15,2
19,2
7,2
13,0
9,1
7,1
0,1
7,1
5,1
10,1
0,1
13,1
0,1
10,1
0,1
11,1
7,1
13,1
16,1
0,0
0,0
7,0
19,1
10,1
0,1
0,0
8,2
11,2
9,2
12,2
0,0
15,0
15,0
14,0
3,0
12,1
3,1
10,1
0,1
16,1
19,1
15,1
0,1
10,1
1,1
11,1
12,1
7,2
19,2
11,2
10,0
16,1
14,1
8,1
2,1
11,1
6,1
16,1
19,1
5,1
8,0
15,2
3,2
19,2
10,2
13,0
10,0
0,0
19,0
11,1
14,1
8,1
9,1
9,1
14,1
13,1
9,1
10,1
3,1
6,1
9,1
7,1
0,1
3,0
9,0
6,0
3,0
1,2
8,2
9,2
19,2
19,0
15,0
4,0
0,0
0,0
7,1
19,1
16,1
9,1
15,1
15,1
9,1
6,1
11,1
11,1
10,1
15,0
0,0
13,0
1,0
14,0
0,2
14,2
1,2
19,2
9,2
1,2
4,2
12,1
16,1
2,1
16,1
14,1
19,1
19,1
19,0
1,2
6,2
7,2
0,2
16,2
19,2
18,2
0,0
16,0
7,0
16,0
8,1
0,1
5,1
19,1
6,1
3,1
7,1
1,1
10,1
12,1
6,1
5,1
10,1
10,1
15,0
15,2
19,2
7,2
13,2
4,2
16,0
6,1
19,1
6,1
6,1
3,1
10,1
9,1
3,1
0,1
19,1
16,1
7,1
10,1
15,1
7,1
15,1
7,1
14,1
0,1
18,1
0,1
13,1
16,1
0,1
10,1
3,1
0,1
10,1
0,1
3,1
7,1
7,1
19,1
11,0
12,0
7,1
10,1
14,1
1,1
1,1
10,1
0,1
19,1
1,1
10,1
7,1
0,1
5,1
0,1
10,1
10,1
7,1
0,1
0,1
11,1
12,1
10,1
10,1
8,1
15,0
6,1
5,1
8,1
14,1
7,1
5,1
10,1
11,1
3,1
2,1
19,0
15,0
15,0
14,0
7,1
7,1
0,1
16,1
9,1
8,1
0,1
10,1
8,1
19,1
10,1
6,1
15,1
7,1
7,1
13,1
1,1
15,1
10,1
10,1
9,1
2,1
0,1
19,1
6,1
0,1
15,1
4,1
9,1
1,1
16,1
1,1
6,1
10,1
5,1
15,1
12,1
0,0
3,0
5,0
6,0
1,0
7,0
12,0
15,0
19,0
7,0
13,0
9,0
7,0
0,0
7,0
5,0
10,0
0,0
13,0
0,0
10,0
0,0
11,0
7,0
13,0
16,0
0,0
0,0
7,0
19,0
10,0
0,0
0,0
8,0
11,0
9,0
12,0
0,0
15,0
15,0
14,0
3,0
12,0
3,0
10,0
0,0
16,0
19,0
15,0
0,0
10,0
1,0
11,0
12,0
7,0
19,0
10,0
16,0
14,0
8,0
2,0
11,0
6,0
16,0
19,0
5,0
8,0
15,0
3,0
19,0
10,0
13,0
10,0
0,0
19,0
11,0
14,0
8,0
9,0
9,0
14,0
13,0
9,0
10,0
3,0
6,0
9,0
7,0
0,0
3,0
9,0
6,0
3,0
1,0
8,0
9,0
19,0
19,0
15,0
4,0
0,0
0,0
7,0
19,0
16,0
9,0
15,0
15,0
9,0
6,0
11,0
11,0
10,0
15,0
0,0
13,0
1,0
14,0
0,0
14,0
1,0
19,0
9,0
1,0
4,0
12,0
16,0
2,0
16,0
14,0
19,0
19,0
19,0
1,0
6,0
7,0
0,0
16,0
19,0
18,0
0,0
16,0
7,0
16,0
8,0
0,0
5,0
19,0
6,0
3,0
7,0
1,0
10,0
12,0
6,0
5,0
10,0
10,0
15,0
15,0
19,0
7,0
13,0
4,0
16,0
6,0
19,0
6,0
6,0
3,0
10,0
9,0
3,0
0,0
19,0
16,0
7,0
10,0
15,0
7,0
15,0
7,0
14,0
0,0
18,0
0,0
13,0
16,0
0,0
10,0
3,0
0,0
10,0
0,0
3,0
7,0
7,0
19,0
11,0
12,0
7,0
10,0
14,0
1,0
1,0
10,0
0,0
19,0
1,0
10,0
7,0
0,0
5,0
0,0
10,0
10,0
7,0
0,0
0,0
11,0
12,0
10,0
10,0
8,0
15,0
6,0
5,0
8,0
14,0
7,0
5,0
10,0
11,0
3,0
2,0
19,0
15,0
15,0
14,0
7,0
7,0
0,0
16,0
9,0
8,0
0,0
10,0
8,0
19,0
10,0
6,0
15,0
7,0
7,0
13,0
1,0
15,0
10,0
10,0
9,0
2,0
0,0
19,0
6,0
0,0
15,0
4,0
9,0
1,0
16,0
1,0
6,0
10,0
5,0
15,0
12,0
0,0
3,0
5,0
6,0
1,0
7,0
12,0
15,0
19,0
7,0
13,0
9,0
7,0
0,0
7,0
5,0
10,0
0,0
13,0
0,0
10,0
0,0
11,0
7,0
13,0
16,0
0,0
0,0
7,0
19,0
10,0
0,0
0,0
8,0
11,0
9,0
12,0
0,0
15,0
15,0
14,0
3,0
12,0
3,0
10,0
0,0
16,0
19,0
15,0
0,0
10,0
1,0
11,0
12,0
7,0
19,0
11,0
10,0
16,0
14,0
8,0
2,0
11,0
6,0
16,0
19,0
5,0
8,0
15,0
3,0
19,0
10,0
13,0
10,0
0,0
19,0
11,0
14,0
8,0
9,0
9,0
14,0
13,0
9,0
10,0
3,0
6,0
9,0
7,0
0,0
3,0
9,0
6,0
3,0
1,0
8,0
9,0
19,0
19,0
15,0
4,0
0,0
0,0
7,0
19,0
16,0
9,0
15,0
15,0
9,0
6,0
11,0
11,0
10,0
15,0
0,0
13,0
1,0
14,0
0,0
14,0
1,0
19,0
9,0
1,0
4,0
12,0
16,0
2,0
16,0
14,0
19,0
19,0
19,0
1,0
6,0
7,0
0,0
16,0
19,0
18,0
0,0
16,0
7,0
16,0
8,0
0,0
5,0
19,0
6,0
3,0
7,0
1,0
10,0
12,0
6,0
5,0
10,0
10,0
15,0
15,0
19,0
7,0
13,0
4,0
16,0
6,0
19,0
6,0
6,0
3,0
10,0
9,0
3,0
0,0
19,0
16,0
7,0
10,0
15,0
7,0
15,0
7,0
14,0
0,0
18,0
0,0
13,0
16,0
0,0
10,0
3,0
0,0
10,0
0,0
3,0
7,0
7,0
19,0
11,0
12,0
7,0
10,0
14,0
1,0
1,0
10,0
0,0
19,0
1,0
10,0
7,0
0,0
5,0
0,0
10,0
10,0
7,0
0,0
0,0
11,0
12,0
10,0
10,0
8,0
15,0
6,0
5,0
8,0
14,0
7,0
5,0
10,0
11,0
3,0
2,0
19,0
15,0
15,0
14,0
7,0
7,0
0,0
16,0
9,0
8,0
0,0
10,0
8,0
19,0
10,0
6,0
15,0
7,0
7,0
13,0
1,0
15,0
10,0
10,0
9,0
2,0
0,0
19,0
6,0
0,0
15,0
4,0
9,0
1,0
16,0
1,0
6,0
10,0
5,0
15,0
12,0
0,0
3,0
5,0
6,0
1,0
7,0
12,0
15,0
19,0
7,0
13,0
9,0
7,0
0,0
7,0
5,0
10,0
0,0
13,0
0,0
10,0
0,0
11,0
7,0
13,0
16,0
0,0
0,0
7,0
19,0
10,0
0,0
0,0
8,0
11,0
9,0
12,0
0,0
15,0
15,0
14,0
3,0
12,0
3,0
10,0
0,0
16,0
19,0
15,0
0,0
10,0
1,0
11,0
12,0
7,0
19,0
11,0
10,0
16,0
14,0
8,0
2,0
11,0
6,0
16,0
19,0
5,0
8,0
15,0
3,0
19,0
10,0
13,0
10,0
0,0
19,0
11,0
14,0
8,0
9,0
9,0
14,0
13,0
9,0
10,0
3,0
6,0
9,0
7,0
0,0
3,0
9,0
6,0
3,0
1,0
8,0
9,0
19,0
19,0
15,0
4,0
0,0
0,0
7,0
19,0
16,0
9,0
15,0
15,0
9,0
6,0
11,0
11,0
10,0
15,0
0,0
13,0
1,0
14,0
0,0
14,0
1,0
19,0
9,0
1,0
4,0
12,0
16,0
2,0
16,0
14,0
19,0
19,0
19,0
1,0
6,0
7,0
0,0
16,0
19,0
18,0
0,0
16,0
7,0
16,0
8,0
0,0
5,0
19,0
6,0
3,0
7,0
1,0
10,0
12,0
6,0
5,0
10,0
10,0
15,0
15,0
19,0
7,0
13,0
4,0
16,0
6,0
19,0
6,0
6,0
3,0
10,0
9,0
3,0
0,0
19,0
16,0
7,0
10,0
15,0
7,0
15,0
7,0
14,0
0,0
18,0
0,0
13,0
16,0
0,0
10,0
3,0
0,0
10,0
0,0
3,0
7,0
7,0
19,0
11,0
12,0
7,0
10,0
14,0
1,0
1,0
10,0
0,0
19,0
1,0
10,0
7,0
0,0
5,0
0,0
10,0
10,0
7,0
0,0
0,0
11,0
12,0
10,0
10,0
8,0
15,0
6,0
5,0
8,0
14,0
7,0
5,0
10,0
11,0
3,0
2,0
19,0
15,0
15,0
14,0
7,0
7,0
0,0
16,0
9,0
8,0
0,0
10,0
8,0
19,0
10,0
6,0
15,0
7,0
7,0
13,0
1,0
15,0
10,0
10,0
9,0
2,0
0,0
19,0
6,0
0,0
15,0
4,0
9,0
1,0
16,0
1,0
6,0
10,0
5,0
15,0
12,0
0,0
3,0
5,0
6,0
1,0
7,0
12,0
15,0
19,0
7,0
13,0
9,0
7,0
0,0
7,0
5,0
10,0
0,0
13,0
0,0
10,0
0,0
11,0
7,0
13,0
16,0
0,0
0,0
7,0
19,0
10,0
0,0
0,0
8,0
11,0
9,0
12,0
0,0
15,0
15,0
14,0
3,0
12,0
3,0
10,0
0,0
16,0
19,0
15,0
0,0
10,0
1,0
11,0
12,0
7,0
19,0
11,0
10,0
16,0
14,0
8,0
2,0
11,0
6,0
16,0
19,0
5,0
8,0
15,0
3,0
19,0
10,0
13,0
10,0
0,0
19,0
11,0
14,0
8,0
9,0
9,0
14,0
13,0
9,0
10,0
3,0
6,0
9,0
7,0
0,0
3,0
9,0
6,0
3,0
1,0
8,0
9,0
19,0
19,0
15,0
4,0
0,0
0,0
7,0
19,0
16,0
9,0
15,0
15,0
9,0
6,0
11,0
11,0
10,0
15,0
0,0
13,0
1,0
14,0
0,0
14,0
1,0
19,0
9,0
1,0
4,0
12,0
16,0
2,0
16,0
14,0
19,0
19,0
19,0
1,0
6,0
7,0
0,0
16,0
19,0
18,0
0,0
16,0
7,0
16,0
8,0
0,0
5,0
19,0
6,0
3,0
7,0
1,0
10,0
12,0
6,0
5,0
10,0
10,0
15,0
15,0
19,0
7,0
13,0
4,0
16,0
6,0
19,0
6,0
6,0
3,0
10,0
9,0
3,0
0,0
19,0
16,0
7,0
10,0
15,0
7,0
15,0
7,0
14,0
0,0
18,0
0,0
13,0
16,0
0,0
10,0
3,0
0,0
10,0
0,0
3,0
7,0
7,0
19,0
11,0
12,0
7,0
10,0
14,0
1,0
1,0
10,0
0,0
19,0
1,0
10,0
7,0
0,0
5,0
0,0
10,0
10,0
7,0
0,0
0,0
11,0
12,0
10,0
10,0
8,0
15,0
6,0
5,0
8,0
14,0
7,0
5,0
10,0
11,0
3,0
2,0
19,0
15,0
15,0
14,0
7,0
7,0
0,0
16,0
9,0
8,0
0,0
10,0
8,0
19,0
10,0
6,0
15,0
7,0
7,0
13,0
1,0
15,0
10,0
10,0
9,0
2,0
0,0
19,0
6,0
0,0
15,0
4,0
9,0
1,0
16,0
1,0
6,0
10,0
5,0
15,0
12,0
0,0
3,0
5,0
6,0
