12,0
6,0
11,0
15,0
11,0
14,2
2,2
19,2
19,2
13,2
19,2
10,2
7,2
7,0
14,0
7,0
15,0
7,0
11,1
7,1
16,1
5,1
4,1
0,1
2,1
9,1
19,1
1,1
3,1
13,1
7,0
17,0
19,2
8,2
10,2
15,2
0,1
7,1
3,1
10,1
10,1
1,1
5,1
6,1
5,1
5,1
15,0
7,0
15,0
11,1
3,1
7,1
6,1
12,1
9,1
0,1
16,1
12,1
9,1
11,1
2,1
7,0
6,0
9,0
19,0
14,0
15,1
9,1
19,1
16,1
19,1
11,1
10,1
10,1
11,1
2,1
0,1
9,1
3,1
0,0
2,0
5,0
7,0
11,0
2,0
13,2
10,2
19,2
3,2
7,0
13,0
14,0
1,0
2,0
6,1
6,1
2,1
2,1
2,1
15,1
17,1
6,1
6,1
2,1
12,1
11,0
3,0
13,0
19,2
3,2
16,2
11,2
13,2
19,2
10,2
13,2
13,2
3,2
4,0
14,0
6,1
6,1
19,1
12,1
16,1
5,1
1,1
10,1
10,1
11,1
1,1
7,1
6,1
15,0
15,0
7,0
1,0
15,0
3,0
3,0
2,0
9,1
6,1
15,1
9,1
11,1
11,1
1,1
13,1
2,1
16,1
13,1
2,1
19,1
5,0
16,1
11,1
10,1
19,1
9,1
3,1
8,1
18,1
2,1
11,1
13,1
3,0
11,0
19,2
11,2
9,2
9,2
14,2
0,0
2,0
1,0
3,0
19,1
2,1
6,1
19,1
18,1
2,1
3,1
19,1
6,1
2,1
10,1
13,1
11,1
15,1
12,0
7,0
13,0
