0,0
7,0
9,0
2,0
18,0
19,2
5,2
2,2
18,2
2,2
7,0
2,1
10,1
7,1
3,0
13,2
16,2
18,2
3,2
6,2
15,1
0,1
7,1
16,0
13,2
15,2
12,2
18,2
17,2
6,2
3,0
7,0
19,0
15,0
15,0
3,0
13,0
19,2
19,2
7,2
10,2
7,2
17,2
16,2
16,0
7,0
15,0
15,0
2,0
0,0
9,0
16,2
18,2
15,2
0,2
6,2
18,2
15,2
0,2
15,0
7,0
15,0
15,0
15,0
18,2
10,2
0,2
19,2
18,2
7,2
17,2
19,2
2,2
18,0
14,0
5,0
0,0
6,2
18,2
18,2
9,2
19,2
6,2
3,2
18,2
7,2
3,0
18,0
2,0
14,0
4,0
15,0
15,0
0,0
16,0
15,2
10,2
7,2
16,2
19,2
18,2
15,2
3,2
7,0
15,0
16,2
18,2
5,2
19,2
4,2
16,2
3,2
16,2
1,2
16,2
2,0
6,0
14,2
15,2
9,2
16,0
7,0
16,2
15,2
16,2
13,0
16,2
5,2
18,2
13,2
15,2
19,2
1,2
6,2
15,0
16,0
1,0
16,0
15,0
7,2
16,2
19,2
16,2
19,0
0,1
2,1
8,1
13,1
2,1
13,1
17,1
0,1
5,1
8,1
7,1
13,0
7,0
2,0
15,0
3,0
13,0
2,0
18,0
5,0
19,2
12,2
0,2
19,2
6,2
0,2
17,2
15,0
7,0
0,0
7,0
15,2
0,2
15,2
19,2
16,2
9,2
15,2
