0,0
11,0
3,0
5,0
7,0
4,0
15,0
1,0
16,0
4,0
6,0
15,0
5,0
13,0
4,0
16,0
9,0
0,0
14,0
10,0
10,0
1,2
18,2
7,2
11,0
18,0
4,0
7,0
9,0
10,0
18,0
15,0
7,2
4,2
14,2
7,0
6,0
1,0
14,0
4,0
3,0
0,0
10,0
3,0
0,0
4,0
4,0
12,0
19,0
8,0
3,0
8,1
4,1
19,1
3,1
16,1
8,1
2,1
3,1
3,1
18,1
10,1
2,1
16,1
12,1
4,1
2,1
6,0
2,0
10,0
10,0
15,0
4,0
9,1
3,1
1,1
19,1
15,1
7,1
0,1
16,1
13,1
14,1
7,1
2,1
11,1
4,1
2,0
19,0
7,0
5,0
16,0
0,0
15,0
19,0
9,0
1,0
7,0
19,1
9,1
6,1
16,1
0,1
19,1
13,1
0,1
7,1
11,1
9,1
10,1
8,1
11,1
1,1
3,1
0,1
11,1
3,1
5,1
7,1
4,1
15,1
1,1
16,1
4,1
6,0
15,0
5,0
13,0
4,0
16,0
9,0
0,0
14,0
10,0
10,0
1,0
18,0
7,0
11,0
18,0
4,0
7,0
9,0
10,0
18,0
15,0
7,0
4,0
14,0
7,0
6,0
1,0
14,0
4,0
3,0
0,0
10,0
3,0
0,0
4,0
4,0
12,0
19,0
8,0
3,0
8,0
4,0
19,0
3,0
16,0
8,0
2,0
3,0
3,0
18,0
10,0
2,0
16,0
12,0
4,0
2,0
6,0
2,0
10,0
10,0
15,0
4,0
9,0
3,0
1,0
19,0
15,0
7,0
0,0
16,0
13,0
14,0
7,0
2,0
11,0
4,0
2,0
19,0
7,0
5,0
16,0
0,0
15,0
19,0
9,0
1,0
7,0
19,0
9,0
6,0
16,0
0,0
19,0
13,0
0,0
7,0
11,0
9,0
10,0
8,0
11,0
1,0
3,0
