7,1
0,1
0,1
0,1
10,1
11,1
2,1
18,1
18,1
6,1
19,1
8,1
11,1
6,1
10,1
13,1
6,1
7,1
19,1
5,1
11,1
17,1
6,1
6,1
16,1
17,1
1,1
10,1
13,1
10,1
6,1
13,1
6,1
1,1
11,1
0,1
15,1
3,1
14,1
2,1
1,1
13,1
16,1
2,0
10,0
11,0
6,0
6,0
11,0
5,0
1,1
0,1
11,1
10,1
5,1
11,1
12,1
10,1
14,1
11,1
10,1
6,1
6,1
6,1
10,1
11,1
0,1
1,1
9,1
6,1
10,1
17,1
6,1
5,1
6,1
8,1
15,1
11,1
0,1
13,1
12,1
19,1
2,0
7,0
5,0
11,2
13,2
12,0
6,0
18,2
19,2
0,1
6,1
5,1
17,1
6,1
12,1
8,1
1,1
10,1
6,1
11,1
6,1
1,1
0,1
11,1
5,1
6,1
1,1
5,1
10,1
11,1
2,1
11,1
11,1
5,1
16,1
6,1
16,1
6,1
12,1
10,1
18,1
7,1
15,1
