11,0
7,0
9,0
11,0
2,0
10,0
10,0
9,2
3,2
10,2
7,2
7,0
19,0
10,0
9,0
2,0
10,0
3,0
1,0
6,0
1,1
4,1
9,1
6,1
2,1
13,1
11,1
11,1
9,1
7,1
13,1
5,1
2,1
9,0
6,0
6,1
11,1
13,1
4,1
16,1
8,1
5,1
10,1
3,1
7,1
9,1
13,1
10,1
5,1
5,1
6,1
11,1
7,1
10,1
9,1
16,0
14,0
0,0
6,1
13,1
1,1
3,1
7,1
9,1
1,1
6,1
12,1
12,1
7,1
11,1
12,1
19,1
15,0
3,0
11,0
5,1
9,1
3,1
0,1
0,1
17,1
2,1
15,1
13,1
10,1
19,1
3,0
9,0
14,0
16,0
18,0
11,1
10,1
3,1
10,1
10,1
10,1
11,1
10,1
1,1
6,1
11,1
18,1
19,0
19,0
18,0
10,2
10,2
15,2
2,2
16,2
2,2
3,0
9,0
8,1
17,1
11,1
17,1
19,1
4,1
11,1
2,1
0,1
13,1
14,1
18,1
1,0
16,0
13,0
11,0
19,0
6,0
3,1
18,1
13,1
6,1
11,1
16,1
18,0
10,2
15,2
18,2
6,2
12,1
11,1
12,1
0,1
11,1
14,0
6,0
14,0
6,0
9,1
13,1
11,1
0,1
19,1
16,1
6,1
3,1
0,1
7,1
9,1
3,1
14,1
11,0
6,1
16,1
13,1
13,0
9,2
3,2
3,2
15,2
6,0
9,0
2,1
4,1
11,1
19,1
0,1
5,1
6,1
10,1
7,1
9,1
15,1
16,0
18,0
16,2
14,2
11,2
0,0
7,0
6,0
3,0
17,0
15,0
8,1
10,1
13,1
1,1
11,1
