8,2
12,2
19,2
18,2
19,2
7,2
16,0
15,0
7,0
13,0
15,0
13,0
6,0
3,0
17,0
11,0
7,0
19,0
19,0
18,0
14,0
6,0
8,0
10,1
11,1
14,1
15,1
5,1
13,1
10,1
11,1
18,1
18,1
17,1
0,1
19,0
10,0
7,0
13,0
1,2
9,2
19,2
6,2
10,0
2,0
13,0
16,0
18,0
18,0
16,0
5,0
14,1
15,1
17,1
1,1
15,1
13,1
19,1
5,1
12,1
10,1
1,0
11,0
16,0
14,0
14,0
3,0
13,2
18,2
13,2
16,2
19,2
11,0
16,1
14,1
7,1
15,1
19,1
16,1
8,1
19,1
10,1
17,1
11,1
6,1
7,0
11,0
3,1
14,1
11,1
6,1
3,1
12,1
6,1
2,1
13,1
16,1
1,1
5,1
9,1
6,1
14,1
10,1
9,1
6,1
6,0
5,0
1,2
10,2
11,2
12,2
16,2
10,2
0,2
5,0
13,0
14,0
13,0
15,0
13,0
11,0
13,1
15,1
1,1
11,1
2,1
19,1
6,1
18,1
10,1
6,1
11,1
10,1
1,1
6,1
15,1
18,0
14,0
18,0
6,2
10,2
0,2
19,2
6,0
13,0
1,1
8,1
18,1
15,1
17,1
3,1
1,1
6,1
6,1
16,1
18,1
6,1
13,1
10,1
1,1
2,1
8,0
7,0
9,2
16,2
13,2
19,2
19,2
19,2
3,0
6,0
14,0
11,0
10,0
14,0
7,0
10,0
13,0
14,0
18,0
1,0
14,0
9,0
16,0
16,0
16,0
3,2
18,2
0,2
18,2
13,2
1,2
13,0
8,0
7,0
1,0
2,0
6,0
1,0
17,0
13,0
6,0
0,1
6,1
7,1
6,1
6,1
1,0
18,0
3,0
18,0
10,0
18,1
15,1
6,1
6,1
6,1
10,1
11,1
16,1
10,1
13,1
6,1
3,1
19,1
19,1
6,1
10,1
15,1
1,0
1,0
19,0
11,2
6,2
16,2
18,2
19,2
13,2
13,0
2,0
2,1
4,1
18,1
11,1
7,1
5,1
0,1
0,1
9,1
2,1
0,1
10,1
5,1
13,1
11,1
11,1
12,1
10,1
6,1
6,0
