0,1
9,1
16,1
3,1
9,1
10,0
15,1
0,1
11,1
3,1
9,1
6,1
15,1
0,1
10,1
15,1
15,1
4,1
5,0
0,0
0,0
3,0
15,0
13,0
2,1
18,1
11,1
15,1
13,1
13,1
15,1
16,1
19,1
7,1
10,1
15,1
15,1
11,1
16,1
14,1
3,1
5,1
9,1
11,1
11,1
19,1
13,1
7,1
9,1
10,1
3,1
5,0
3,0
11,0
15,0
7,0
13,2
9,2
6,1
6,1
6,1
6,1
10,1
5,1
10,1
13,1
10,1
11,1
2,1
13,1
15,0
15,0
15,0
0,0
1,0
19,0
10,0
16,1
15,1
0,1
6,1
16,1
11,1
0,1
13,1
10,1
0,1
0,1
7,1
3,1
16,0
3,0
7,0
3,0
7,0
11,2
9,2
7,1
19,1
6,1
6,1
13,1
5,1
15,1
10,1
19,1
11,1
0,1
0,0
9,0
16,0
3,0
9,0
10,0
15,0
0,0
11,0
3,0
9,0
6,0
15,0
0,0
10,0
15,0
15,0
4,0
5,0
0,0
0,0
3,0
15,0
13,0
2,0
18,0
11,0
15,0
13,0
13,0
15,0
16,0
19,0
7,0
10,0
15,0
15,0
11,0
16,0
14,0
3,0
5,0
9,0
11,0
11,0
19,0
13,0
7,0
9,0
10,0
3,0
5,0
3,0
11,0
15,0
7,0
13,0
9,0
6,0
6,0
6,0
6,0
10,0
5,0
10,0
13,0
10,0
11,0
2,0
13,0
15,0
15,0
15,0
0,0
1,0
19,0
10,0
16,0
15,0
0,0
6,0
16,0
11,0
0,0
13,0
10,0
0,0
0,0
7,0
3,0
16,0
3,0
7,0
3,0
7,0
11,0
9,0
7,0
19,0
6,0
6,0
13,0
5,0
15,0
10,0
19,0
11,0
0,0
9,0
16,0
3,0
9,0
10,0
15,0
0,0
11,0
3,0
9,0
6,0
15,0
0,0
10,0
15,0
15,0
4,0
5,0
0,0
0,0
3,0
15,0
13,0
2,0
18,0
11,0
15,0
13,0
13,0
15,0
16,0
19,0
7,0
10,0
15,0
15,0
11,0
16,0
14,0
3,0
5,0
9,0
11,0
11,0
19,0
13,0
7,0
9,0
10,0
3,0
5,0
3,0
11,0
15,0
7,0
13,0
9,0
6,0
6,0
6,0
6,0
10,0
5,0
10,0
13,0
10,0
11,0
2,0
13,0
15,0
15,0
15,0
0,0
1,0
19,0
10,0
16,0
15,0
0,0
6,0
16,0
11,0
0,0
13,0
10,0
0,0
0,0
7,0
3,0
16,0
3,0
7,0
3,0
7,0
11,0
9,0
7,0
19,0
6,0
6,0
13,0
5,0
15,0
10,0
19,0
11,0
0,0
0,0
9,0
16,0
3,0
9,0
10,0
15,0
0,0
11,0
3,0
9,0
6,0
15,0
0,0
10,0
15,0
15,0
4,0
5,0
0,0
0,0
3,0
15,0
13,0
2,0
18,0
11,0
15,0
13,0
13,0
15,0
16,0
19,0
7,0
10,0
15,0
15,0
11,0
16,0
14,0
3,0
5,0
9,0
11,0
11,0
19,0
13,0
7,0
9,0
10,0
3,0
5,0
3,0
11,0
15,0
7,0
13,0
9,0
6,0
6,0
6,0
6,0
10,0
5,0
10,0
13,0
10,0
11,0
2,0
13,0
15,0
15,0
15,0
0,0
1,0
19,0
10,0
16,0
15,0
0,0
6,0
16,0
11,0
0,0
13,0
10,0
0,0
0,0
7,0
3,0
16,0
3,0
7,0
3,0
7,0
11,0
9,0
7,0
19,0
6,0
6,0
13,0
5,0
15,0
10,0
19,0
11,0
0,0
0,0
9,0
16,0
3,0
9,0
10,0
15,0
0,0
11,0
3,0
9,0
6,0
15,0
0,0
10,0
15,0
15,0
4,0
5,0
0,0
0,0
3,0
15,0
13,0
2,0
18,0
11,0
15,0
13,0
13,0
15,0
16,0
19,0
7,0
10,0
15,0
15,0
11,0
16,0
14,0
3,0
5,0
9,0
11,0
11,0
19,0
13,0
7,0
9,0
10,0
3,0
5,0
3,0
11,0
15,0
7,0
13,0
9,0
6,0
6,0
6,0
6,0
10,0
5,0
10,0
13,0
10,0
11,0
2,0
13,0
15,0
15,0
15,0
0,0
1,0
19,0
10,0
16,0
15,0
0,0
6,0
16,0
11,0
0,0
13,0
10,0
0,0
0,0
7,0
3,0
16,0
3,0
7,0
3,0
7,0
11,0
9,0
7,0
19,0
6,0
6,0
13,0
5,0
15,0
10,0
19,0
11,0
0,0
0,0
9,0
16,0
3,0
9,0
10,0
15,0
0,0
11,0
3,0
9,0
6,0
15,0
0,0
10,0
15,0
15,0
4,0
5,0
0,0
0,0
3,0
15,0
13,0
2,0
18,0
11,0
15,0
13,0
13,0
15,0
16,0
19,0
7,0
10,0
15,0
15,0
11,0
16,0
14,0
3,0
5,0
9,0
11,0
11,0
19,0
13,0
7,0
9,0
10,0
3,0
5,0
3,0
11,0
15,0
7,0
13,0
9,0
6,0
6,0
6,0
6,0
10,0
5,0
10,0
13,0
10,0
11,0
2,0
13,0
15,0
15,0
15,0
0,0
1,0
19,0
10,0
16,0
15,0
0,0
6,0
16,0
11,0
0,0
13,0
10,0
0,0
0,0
7,0
3,0
16,0
3,0
7,0
3,0
7,0
11,0
9,0
7,0
19,0
6,0
6,0
13,0
5,0
15,0
10,0
19,0
11,0
0,0
9,0
16,0
3,0
9,0
10,0
15,0
0,0
11,0
3,0
9,0
6,0
15,0
0,0
10,0
15,0
15,0
4,0
5,0
0,0
0,0
3,0
15,0
13,0
2,0
18,0
11,0
15,0
13,0
13,0
15,0
16,0
19,0
7,0
10,0
15,0
15,0
11,0
16,0
14,0
3,0
5,0
9,0
11,0
11,0
19,0
13,0
7,0
9,0
10,0
3,0
5,0
3,0
11,0
15,0
7,0
13,0
9,0
6,0
6,0
6,0
6,0
10,0
5,0
10,0
13,0
10,0
11,0
2,0
13,0
15,0
15,0
15,0
0,0
1,0
19,0
10,0
16,0
15,0
0,0
6,0
16,0
11,0
0,0
13,0
10,0
0,0
0,0
7,0
3,0
16,0
3,0
7,0
3,0
7,0
11,0
9,0
7,0
19,0
6,0
6,0
13,0
5,0
15,0
10,0
19,0
11,0
0,0
9,0
16,0
3,0
9,0
10,0
15,0
0,0
11,0
3,0
9,0
6,0
15,0
0,0
10,0
15,0
15,0
4,0
5,0
0,0
0,0
3,0
15,0
13,0
2,0
18,0
11,0
15,0
13,0
13,0
15,0
16,0
19,0
7,0
10,0
15,0
15,0
11,0
16,0
14,0
3,0
5,0
9,0
11,0
11,0
19,0
13,0
7,0
9,0
10,0
3,0
5,0
3,0
11,0
15,0
7,0
13,0
9,0
6,0
6,0
6,0
6,0
10,0
5,0
10,0
13,0
10,0
11,0
2,0
13,0
15,0
15,0
15,0
0,0
1,0
19,0
10,0
16,0
15,0
0,0
6,0
16,0
11,0
0,0
13,0
10,0
0,0
0,0
7,0
3,0
16,0
3,0
7,0
3,0
7,0
11,0
9,0
7,0
19,0
6,0
6,0
13,0
5,0
15,0
10,0
19,0
11,0
0,0
