15,0
13,0
11,0
18,0
6,0
15,0
0,0
19,0
5,0
18,0
1,0
14,0
0,0
14,0
3,0
15,0
18,0
10,0
2,0
14,0
4,0
14,0
5,0
0,0
7,0
1,0
9,0
19,0
11,0
6,0
16,0
18,0
16,0
7,0
9,0
2,0
7,0
16,0
11,0
15,0
10,0
2,0
19,0
18,0
10,0
14,0
18,0
7,0
18,0
3,0
14,0
2,0
11,0
11,0
18,0
2,0
9,0
13,0
18,0
10,0
12,0
8,0
7,0
7,0
7,0
6,0
2,0
6,0
2,0
16,0
9,0
13,0
15,0
2,0
3,0
19,0
11,0
10,0
5,0
2,0
9,0
10,0
3,0
8,0
0,0
9,0
12,0
2,0
7,0
6,0
10,0
6,0
14,0
10,0
9,0
19,0
19,0
16,0
14,0
16,0
13,0
2,0
7,0
7,0
2,0
4,0
16,0
0,0
5,0
2,0
13,0
18,0
5,0
6,0
13,0
1,0
5,0
2,0
19,0
9,0
14,0
13,0
19,0
6,0
15,0
11,0
18,0
15,0
16,0
18,0
0,0
6,0
15,0
16,0
16,0
14,0
5,0
7,0
9,0
0,0
0,0
15,0
1,0
12,0
8,0
1,0
7,0
13,0
7,0
7,0
13,0
0,0
12,0
7,0
7,0
10,0
16,0
16,0
17,0
18,0
19,0
12,0
19,0
2,0
4,0
10,0
3,0
18,0
19,0
0,0
18,0
13,0
12,0
14,0
10,0
15,0
7,0
3,0
18,0
17,0
18,0
7,0
2,0
15,0
14,0
5,0
3,0
11,0
0,0
2,0
15,0
9,0
0,0
6,0
0,0
9,0
2,0
1,0
15,0
7,0
10,0
15,0
11,0
1,0
6,0
18,0
13,0
19,0
13,0
0,0
0,0
16,0
7,0
15,0
6,0
3,0
9,0
0,0
18,0
0,0
2,0
12,0
2,0
14,0
5,0
9,0
6,0
0,0
12,0
11,0
0,0
10,0
14,0
8,0
13,0
3,0
18,0
16,0
15,0
3,0
13,0
15,0
11,0
7,0
2,0
13,0
18,0
13,0
10,0
19,0
0,0
14,0
7,0
0,0
16,0
8,0
17,0
17,0
7,0
18,0
19,0
1,0
8,0
18,0
9,0
18,0
3,0
0,0
10,0
14,0
18,0
13,0
13,0
8,0
6,0
10,0
6,0
8,0
8,0
8,0
8,0
8,0
8,0
15,0
13,0
11,0
18,0
6,0
15,0
0,0
19,0
5,0
18,0
1,0
14,0
0,0
14,0
3,0
15,0
18,0
10,0
2,0
14,0
4,0
14,0
5,0
0,0
7,0
1,0
9,0
19,0
11,0
6,0
16,0
18,0
16,0
7,0
9,0
2,0
7,0
16,0
11,0
15,0
10,0
2,0
19,0
18,0
10,0
14,0
18,0
7,0
18,0
3,0
14,0
2,0
11,0
11,0
18,0
2,0
9,0
13,0
18,0
10,0
12,0
8,0
7,0
7,0
7,0
6,0
2,0
6,0
2,0
16,0
9,0
13,0
15,0
2,0
3,0
19,0
11,0
10,0
5,0
2,0
9,0
10,0
3,0
8,0
0,0
9,0
12,0
2,0
7,0
6,0
10,0
6,0
14,0
10,0
9,0
19,0
19,0
16,0
14,0
16,0
13,0
2,0
7,0
7,0
2,0
4,0
16,0
0,0
5,0
2,0
13,0
18,0
5,0
6,0
13,0
1,0
5,0
2,0
19,0
9,0
14,0
13,0
19,0
6,0
15,0
11,0
18,0
15,0
16,0
18,0
0,0
6,0
15,0
16,0
16,0
14,0
5,0
7,0
9,0
0,0
0,0
15,0
1,0
12,0
8,0
1,0
7,0
13,0
7,0
7,0
13,0
0,0
12,0
7,0
7,0
10,0
16,0
16,0
17,0
18,0
19,0
12,0
19,0
2,0
4,0
10,0
3,0
18,0
19,0
0,0
18,0
13,0
12,0
14,0
10,0
15,0
7,0
3,0
18,0
17,0
18,0
7,0
2,0
15,0
14,0
5,0
3,0
11,0
0,0
2,0
15,0
9,0
0,0
6,0
0,0
9,0
2,0
1,0
15,0
7,0
10,0
15,0
11,0
1,0
6,0
18,0
13,0
19,0
13,0
0,0
0,0
16,0
7,0
15,0
6,0
3,0
9,0
0,0
18,0
0,0
2,0
12,0
2,0
14,0
5,0
9,0
6,0
0,0
12,0
11,0
0,0
10,0
14,0
8,0
13,0
3,0
18,0
16,0
15,0
3,0
13,0
15,0
11,0
7,0
2,0
13,0
18,0
13,0
10,0
19,0
0,0
14,0
7,0
0,0
16,0
8,0
17,0
17,0
7,0
18,0
19,0
1,0
8,0
18,0
9,0
18,0
3,0
0,0
10,0
14,0
18,0
13,0
13,0
8,0
6,0
10,0
6,0
8,0
8,0
8,0
8,0
8,0
8,0
