2,0
10,1
10,1
5,1
13,1
2,1
11,1
12,1
9,1
11,1
6,0
6,1
16,1
7,1
11,0
2,0
0,0
9,1
14,1
13,1
18,1
0,0
13,0
18,0
7,0
4,0
18,0
4,0
7,0
7,0
7,0
7,0
2,0
7,0
11,0
14,0
11,0
3,0
7,0
16,1
3,1
1,1
4,1
4,1
13,1
19,1
8,1
3,1
4,1
4,1
18,1
7,1
1,1
10,1
19,0
2,0
4,0
2,0
16,0
11,0
15,0
3,0
9,0
18,0
15,0
18,0
15,0
10,0
11,0
6,0
7,0
18,0
9,0
16,0
4,2
7,2
11,2
7,2
16,0
2,0
4,2
6,2
6,2
5,2
9,0
4,0
6,0
4,0
3,0
1,1
19,1
0,1
0,1
6,1
4,1
13,1
1,1
1,1
2,1
10,1
3,1
16,1
18,1
2,1
2,1
7,1
18,1
12,1
13,1
18,1
1,1
3,1
15,0
11,0
4,1
16,1
6,1
16,0
15,0
6,0
6,0
4,0
2,0
10,0
10,0
5,0
13,0
2,0
11,0
12,0
9,0
11,0
6,0
6,0
16,0
7,0
11,0
2,0
0,0
9,0
14,0
13,0
18,0
0,0
13,0
18,0
7,0
4,0
18,0
4,0
7,0
7,0
7,0
7,0
2,0
7,0
11,0
14,0
11,0
3,0
7,0
16,0
3,0
1,0
4,0
4,0
13,0
19,0
8,0
3,0
4,0
4,0
18,0
7,0
1,0
10,0
19,0
2,0
4,0
2,0
16,0
11,0
15,0
3,0
9,0
18,0
15,0
18,0
15,0
10,0
11,0
6,0
7,0
18,0
9,0
16,0
4,0
7,0
11,0
7,0
16,0
2,0
4,0
6,0
6,0
5,0
9,0
4,0
6,0
4,0
3,0
1,0
19,0
0,0
0,0
6,0
4,0
13,0
1,0
1,0
2,0
10,0
3,0
16,0
18,0
2,0
2,0
7,0
18,0
12,0
13,0
18,0
1,0
3,0
15,0
11,0
4,0
16,0
6,0
16,0
15,0
6,0
6,0
4,0
2,0
10,0
10,0
5,0
13,0
2,0
11,0
12,0
9,0
11,0
6,0
6,0
16,0
7,0
11,0
2,0
0,0
9,0
14,0
13,0
18,0
0,0
13,0
18,0
7,0
4,0
18,0
4,0
7,0
7,0
7,0
7,0
2,0
7,0
11,0
14,0
11,0
3,0
7,0
16,0
3,0
1,0
4,0
4,0
13,0
19,0
8,0
3,0
4,0
4,0
18,0
7,0
1,0
10,0
19,0
2,0
4,0
2,0
16,0
11,0
15,0
3,0
9,0
18,0
15,0
18,0
15,0
10,0
11,0
6,0
7,0
18,0
9,0
16,0
4,0
7,0
11,0
7,0
16,0
2,0
4,0
6,0
6,0
5,0
9,0
4,0
6,0
4,0
3,0
1,0
19,0
0,0
0,0
6,0
4,0
13,0
1,0
1,0
2,0
10,0
3,0
16,0
18,0
2,0
2,0
7,0
18,0
12,0
13,0
18,0
1,0
3,0
15,0
11,0
4,0
16,0
6,0
16,0
15,0
6,0
6,0
4,0
2,0
10,0
10,0
5,0
13,0
2,0
11,0
12,0
9,0
11,0
6,0
6,0
16,0
7,0
11,0
2,0
0,0
9,0
14,0
13,0
18,0
0,0
13,0
18,0
7,0
4,0
18,0
4,0
7,0
7,0
7,0
7,0
2,0
7,0
11,0
14,0
11,0
3,0
7,0
16,0
3,0
1,0
4,0
4,0
13,0
19,0
8,0
3,0
4,0
4,0
18,0
7,0
1,0
10,0
19,0
2,0
4,0
2,0
16,0
11,0
15,0
3,0
9,0
18,0
15,0
18,0
15,0
10,0
11,0
6,0
7,0
18,0
9,0
16,0
4,0
7,0
11,0
7,0
16,0
2,0
4,0
6,0
6,0
5,0
9,0
4,0
6,0
4,0
3,0
1,0
19,0
0,0
0,0
6,0
4,0
13,0
1,0
1,0
2,0
10,0
3,0
16,0
18,0
2,0
2,0
7,0
18,0
12,0
13,0
18,0
1,0
3,0
15,0
11,0
4,0
16,0
6,0
16,0
15,0
6,0
6,0
4,0
2,0
10,0
10,0
5,0
13,0
2,0
11,0
12,0
9,0
11,0
6,0
6,0
16,0
7,0
11,0
2,0
0,0
9,0
14,0
13,0
18,0
0,0
13,0
18,0
7,0
4,0
18,0
4,0
7,0
7,0
7,0
7,0
2,0
7,0
11,0
14,0
11,0
3,0
7,0
16,0
3,0
1,0
4,0
4,0
13,0
19,0
8,0
3,0
4,0
4,0
18,0
7,0
1,0
10,0
19,0
2,0
4,0
2,0
16,0
11,0
15,0
3,0
9,0
18,0
15,0
18,0
15,0
10,0
11,0
6,0
7,0
18,0
9,0
16,0
4,0
7,0
11,0
7,0
16,0
2,0
4,0
6,0
6,0
5,0
9,0
4,0
6,0
4,0
3,0
1,0
19,0
0,0
0,0
6,0
4,0
13,0
1,0
1,0
2,0
10,0
3,0
16,0
18,0
2,0
2,0
7,0
18,0
12,0
13,0
18,0
1,0
3,0
15,0
11,0
4,0
16,0
6,0
16,0
15,0
6,0
6,0
4,0
2,0
10,0
10,0
5,0
13,0
2,0
11,0
12,0
9,0
11,0
6,0
6,0
16,0
7,0
11,0
2,0
0,0
9,0
14,0
13,0
18,0
0,0
13,0
18,0
7,0
4,0
18,0
4,0
7,0
7,0
7,0
7,0
2,0
7,0
11,0
14,0
11,0
3,0
7,0
16,0
3,0
1,0
4,0
4,0
13,0
19,0
8,0
3,0
4,0
4,0
18,0
7,0
1,0
10,0
19,0
2,0
4,0
2,0
16,0
11,0
15,0
3,0
9,0
18,0
15,0
18,0
15,0
10,0
11,0
6,0
7,0
18,0
9,0
16,0
4,0
7,0
11,0
7,0
16,0
2,0
4,0
6,0
6,0
5,0
9,0
4,0
6,0
4,0
3,0
1,0
19,0
0,0
0,0
6,0
4,0
13,0
1,0
1,0
2,0
10,0
3,0
16,0
18,0
2,0
2,0
7,0
18,0
12,0
13,0
18,0
1,0
3,0
15,0
11,0
4,0
16,0
6,0
16,0
15,0
6,0
6,0
4,0
2,0
10,0
10,0
5,0
13,0
2,0
11,0
12,0
9,0
11,0
6,0
6,0
16,0
7,0
11,0
2,0
0,0
9,0
14,0
13,0
18,0
0,0
13,0
18,0
7,0
4,0
18,0
4,0
7,0
7,0
7,0
7,0
2,0
7,0
11,0
14,0
11,0
3,0
7,0
16,0
3,0
1,0
4,0
4,0
13,0
19,0
8,0
3,0
4,0
4,0
18,0
7,0
1,0
10,0
19,0
2,0
4,0
2,0
16,0
11,0
15,0
3,0
9,0
18,0
15,0
18,0
15,0
10,0
11,0
6,0
7,0
18,0
9,0
16,0
4,0
7,0
11,0
7,0
16,0
2,0
4,0
6,0
6,0
5,0
9,0
4,0
6,0
4,0
3,0
1,0
19,0
0,0
0,0
6,0
4,0
13,0
1,0
1,0
2,0
10,0
3,0
16,0
18,0
2,0
2,0
7,0
18,0
12,0
13,0
18,0
1,0
3,0
15,0
11,0
4,0
16,0
6,0
16,0
15,0
6,0
6,0
4,0
2,0
10,0
10,0
5,0
13,0
2,0
11,0
12,0
9,0
11,0
6,0
6,0
16,0
7,0
11,0
2,0
0,0
9,0
14,0
13,0
18,0
0,0
13,0
18,0
7,0
4,0
18,0
4,0
7,0
7,0
7,0
7,0
2,0
7,0
11,0
14,0
11,0
3,0
7,0
16,0
3,0
1,0
4,0
4,0
13,0
19,0
8,0
3,0
4,0
4,0
18,0
7,0
1,0
10,0
19,0
2,0
4,0
2,0
16,0
11,0
15,0
3,0
9,0
18,0
15,0
18,0
15,0
10,0
11,0
6,0
7,0
18,0
9,0
16,0
4,0
7,0
11,0
7,0
16,0
2,0
4,0
6,0
6,0
5,0
9,0
4,0
6,0
4,0
3,0
1,0
19,0
0,0
0,0
6,0
4,0
13,0
1,0
1,0
2,0
10,0
3,0
16,0
18,0
2,0
2,0
7,0
18,0
12,0
13,0
18,0
1,0
3,0
15,0
11,0
4,0
16,0
6,0
16,0
15,0
6,0
6,0
4,0
