19,0
3,0
18,0
9,2
19,2
6,2
18,0
3,0
18,0
3,0
0,0
19,0
8,0
3,0
3,0
6,0
10,0
16,0
9,0
1,0
19,0
7,0
6,0
9,0
9,2
1,2
2,2
19,2
11,2
11,2
10,2
5,0
6,0
6,0
7,0
17,0
10,2
6,2
7,2
6,2
10,2
2,2
7,0
1,0
1,2
7,2
12,2
13,2
14,2
3,2
2,1
13,1
19,1
11,2
6,2
9,2
11,0
19,0
3,0
18,0
9,0
19,0
6,0
18,0
3,0
18,0
3,0
0,0
19,0
8,0
3,0
3,0
6,0
10,0
16,0
9,0
1,0
19,0
7,0
6,0
9,0
9,0
1,0
2,0
19,0
11,0
11,0
10,0
5,0
6,0
6,0
7,0
17,0
10,0
6,0
7,0
6,0
10,0
2,0
7,0
1,0
1,0
7,0
12,0
13,0
14,0
3,0
2,0
13,0
19,0
11,0
6,0
9,0
11,0
19,0
3,0
18,0
9,0
19,0
6,0
18,0
3,0
18,0
3,0
0,0
19,0
8,0
3,0
3,0
6,0
10,0
16,0
9,0
1,0
19,0
7,0
6,0
9,0
9,0
1,0
2,0
19,0
11,0
11,0
10,0
5,0
6,0
6,0
7,0
17,0
10,0
6,0
7,0
6,0
10,0
2,0
7,0
1,0
1,0
7,0
12,0
13,0
14,0
3,0
2,0
13,0
19,0
11,0
6,0
9,0
11,0
19,0
3,0
18,0
9,0
19,0
6,0
18,0
3,0
18,0
3,0
0,0
19,0
8,0
3,0
3,0
6,0
10,0
16,0
9,0
1,0
19,0
7,0
6,0
9,0
9,0
1,0
2,0
19,0
11,0
11,0
10,0
5,0
6,0
6,0
7,0
17,0
10,0
6,0
7,0
6,0
10,0
2,0
7,0
1,0
1,0
7,0
12,0
13,0
14,0
3,0
2,0
13,0
19,0
11,0
6,0
9,0
11,0
19,0
3,0
18,0
9,0
19,0
6,0
18,0
3,0
18,0
3,0
0,0
19,0
8,0
3,0
3,0
6,0
10,0
16,0
9,0
1,0
19,0
7,0
6,0
9,0
9,0
1,0
2,0
19,0
11,0
11,0
10,0
5,0
6,0
6,0
7,0
17,0
10,0
6,0
7,0
6,0
10,0
2,0
7,0
1,0
1,0
7,0
12,0
13,0
14,0
3,0
2,0
13,0
19,0
11,0
6,0
9,0
11,0
19,0
3,0
18,0
9,0
19,0
6,0
18,0
3,0
18,0
3,0
0,0
19,0
8,0
3,0
3,0
6,0
10,0
16,0
9,0
1,0
19,0
7,0
6,0
9,0
9,0
1,0
2,0
19,0
11,0
11,0
10,0
5,0
6,0
6,0
7,0
17,0
10,0
6,0
7,0
6,0
10,0
2,0
7,0
1,0
1,0
7,0
12,0
13,0
14,0
3,0
2,0
13,0
19,0
11,0
6,0
9,0
11,0
19,0
3,0
18,0
9,0
19,0
6,0
18,0
3,0
18,0
3,0
0,0
19,0
8,0
3,0
3,0
6,0
10,0
16,0
9,0
1,0
19,0
7,0
6,0
9,0
9,0
1,0
2,0
19,0
11,0
11,0
10,0
5,0
6,0
6,0
7,0
17,0
10,0
6,0
7,0
6,0
10,0
2,0
7,0
1,0
1,0
7,0
12,0
13,0
14,0
3,0
2,0
13,0
19,0
11,0
6,0
9,0
11,0
19,0
3,0
18,0
9,0
19,0
6,0
18,0
3,0
18,0
3,0
0,0
19,0
8,0
3,0
3,0
6,0
10,0
16,0
9,0
1,0
19,0
7,0
6,0
9,0
9,0
1,0
2,0
19,0
11,0
11,0
10,0
5,0
6,0
6,0
7,0
17,0
10,0
6,0
7,0
6,0
10,0
2,0
7,0
1,0
1,0
7,0
12,0
13,0
14,0
3,0
2,0
13,0
19,0
11,0
6,0
9,0
11,0
19,0
3,0
18,0
9,0
19,0
6,0
18,0
3,0
18,0
3,0
0,0
19,0
8,0
3,0
3,0
6,0
10,0
16,0
9,0
1,0
19,0
7,0
6,0
9,0
9,0
1,0
2,0
19,0
11,0
11,0
10,0
5,0
6,0
6,0
7,0
17,0
10,0
6,0
7,0
6,0
10,0
2,0
7,0
1,0
1,0
7,0
12,0
13,0
14,0
3,0
2,0
13,0
19,0
11,0
6,0
9,0
11,0
19,0
3,0
18,0
9,0
19,0
6,0
18,0
3,0
18,0
3,0
0,0
19,0
8,0
3,0
3,0
6,0
10,0
16,0
9,0
1,0
19,0
7,0
6,0
9,0
9,0
1,0
2,0
19,0
11,0
11,0
10,0
5,0
6,0
6,0
7,0
17,0
10,0
6,0
7,0
6,0
10,0
2,0
7,0
1,0
1,0
7,0
12,0
13,0
14,0
3,0
2,0
13,0
19,0
11,0
6,0
9,0
11,0
19,0
3,0
18,0
9,0
19,0
6,0
18,0
3,0
18,0
3,0
0,0
19,0
8,0
3,0
3,0
6,0
10,0
16,0
9,0
1,0
19,0
7,0
6,0
9,0
9,0
1,0
2,0
19,0
11,0
11,0
10,0
5,0
6,0
6,0
7,0
17,0
10,0
6,0
7,0
6,0
10,0
2,0
7,0
1,0
1,0
7,0
12,0
13,0
14,0
3,0
2,0
13,0
19,0
11,0
6,0
9,0
11,0
19,0
3,0
18,0
9,0
19,0
6,0
18,0
3,0
18,0
3,0
0,0
19,0
8,0
3,0
3,0
6,0
10,0
16,0
9,0
1,0
19,0
7,0
6,0
9,0
9,0
1,0
2,0
19,0
11,0
11,0
10,0
5,0
6,0
6,0
7,0
17,0
10,0
6,0
7,0
6,0
10,0
2,0
7,0
1,0
1,0
7,0
12,0
13,0
14,0
3,0
2,0
13,0
19,0
11,0
6,0
9,0
11,0
