10,0
13,0
15,0
2,0
5,0
9,0
9,0
17,0
13,0
19,0
3,0
3,0
16,0
2,0
19,0
18,0
1,0
19,0
16,0
9,0
8,0
11,0
16,0
13,0
6,0
7,0
2,0
10,0
16,0
16,0
11,0
14,0
9,0
2,0
7,0
0,0
9,0
13,0
9,0
13,0
2,0
14,0
1,0
16,0
7,0
5,0
10,0
13,0
10,0
11,0
9,0
9,0
8,0
16,0
15,0
19,0
17,0
0,0
7,0
5,0
11,0
1,0
10,0
7,0
5,0
10,0
0,0
11,0
17,0
11,0
16,0
0,0
6,0
6,0
19,0
0,0
0,0
10,0
9,0
1,0
15,0
10,0
14,0
19,0
6,0
6,0
5,0
14,0
11,0
5,0
9,0
9,0
19,0
16,0
0,0
11,0
7,0
12,0
10,0
3,0
14,0
10,0
6,0
19,0
8,0
10,0
10,0
3,0
13,0
14,0
2,0
9,0
19,0
9,0
11,0
7,0
15,0
6,0
10,0
5,0
10,0
14,0
13,0
5,0
0,0
4,0
10,0
11,0
19,0
6,0
11,0
13,0
7,0
3,0
10,0
9,0
10,0
11,0
0,0
16,0
6,0
14,0
5,0
12,0
19,0
10,0
13,0
2,0
10,0
18,0
3,0
3,0
17,0
10,0
11,0
16,0
9,0
15,0
15,0
18,0
16,0
0,0
13,0
15,0
1,0
10,0
9,0
10,0
9,0
10,0
1,0
0,0
10,0
8,0
19,0
2,0
2,0
3,0
1,0
0,0
11,0
19,0
9,0
10,0
11,0
14,0
3,0
11,0
16,0
16,0
9,0
16,0
6,0
14,0
8,0
8,0
9,0
17,0
14,0
16,0
10,0
16,0
3,0
6,0
6,0
17,0
9,0
11,0
19,0
6,0
19,0
5,0
10,0
11,0
3,0
10,0
9,0
10,0
0,0
3,0
6,0
10,0
13,0
15,0
2,0
5,0
9,0
9,0
17,0
13,0
19,0
3,0
3,0
16,0
2,0
19,0
18,0
1,0
19,0
16,0
9,0
8,0
11,0
16,0
13,0
6,0
7,0
2,0
10,0
16,0
16,0
11,0
14,0
9,0
2,0
7,0
0,0
9,0
13,0
9,0
13,0
2,0
14,0
1,0
16,0
7,0
5,0
10,0
13,0
10,0
11,0
9,0
9,0
8,0
16,0
15,0
19,0
17,0
0,0
7,0
5,0
11,0
1,0
10,0
7,0
5,0
10,0
0,0
11,0
17,0
11,0
16,0
0,0
6,0
6,0
19,0
0,0
0,0
10,0
9,0
1,0
15,0
10,0
14,0
19,0
6,0
6,0
5,0
14,0
11,0
5,0
9,0
9,0
19,0
16,0
0,0
11,0
7,0
12,0
10,0
3,0
14,0
10,0
6,0
19,0
8,0
10,0
10,0
3,0
13,0
14,0
2,0
9,0
19,0
9,0
11,0
7,0
15,0
6,0
10,0
5,0
10,0
14,0
13,0
5,0
0,0
4,0
10,0
11,0
19,0
6,0
11,0
13,0
7,0
3,0
10,0
9,0
10,0
11,0
0,0
16,0
6,0
14,0
5,0
12,0
19,0
10,0
13,0
2,0
10,0
18,0
3,0
3,0
17,0
10,0
11,0
16,0
9,0
15,0
15,0
18,0
16,0
0,0
13,0
15,0
1,0
10,0
9,0
10,0
9,0
10,0
1,0
0,0
10,0
8,0
19,0
2,0
2,0
3,0
1,0
0,0
11,0
19,0
9,0
10,0
11,0
14,0
3,0
11,0
16,0
16,0
9,0
16,0
6,0
14,0
8,0
8,0
9,0
17,0
14,0
16,0
10,0
16,0
3,0
6,0
6,0
17,0
9,0
11,0
19,0
6,0
19,0
5,0
10,0
11,0
3,0
10,0
9,0
10,0
0,0
3,0
