12,0
19,0
18,0
15,0
19,0
7,0
10,0
16,0
7,0
2,2
9,2
0,2
15,2
7,2
11,2
15,0
16,1
19,1
0,1
6,1
13,1
13,1
15,1
6,1
10,1
7,1
9,1
2,1
19,1
9,1
18,0
0,0
3,0
11,2
9,2
0,2
11,2
6,1
10,1
16,1
15,1
11,1
2,1
16,1
14,1
4,1
18,0
5,0
3,0
9,1
9,1
15,1
8,1
13,1
7,1
15,1
15,1
19,1
19,1
10,1
2,1
2,1
7,1
6,1
10,1
3,0
1,0
11,0
1,0
9,0
1,0
3,1
9,1
9,1
13,1
15,1
2,1
15,1
2,1
6,1
1,1
10,1
17,1
10,1
6,1
15,1
10,1
10,1
8,1
14,1
19,1
9,1
1,1
11,1
11,1
9,1
6,1
6,1
5,1
10,1
9,1
19,1
4,1
16,1
15,1
14,1
18,1
4,1
10,0
9,0
6,0
9,0
14,0
10,2
13,2
2,2
11,2
8,0
8,0
18,0
14,0
18,0
10,1
5,1
11,1
19,1
10,1
10,0
19,0
9,0
0,0
14,2
10,2
6,2
15,2
5,2
10,2
3,0
1,1
9,1
19,1
11,1
1,1
3,1
8,1
4,1
16,1
11,1
11,1
5,1
0,1
10,1
0,0
9,1
10,1
0,1
16,1
5,1
14,1
2,1
10,1
6,1
5,1
1,1
10,0
6,0
0,1
0,1
3,1
3,1
19,1
10,1
9,1
2,1
6,0
15,0
7,2
10,2
15,2
6,2
10,0
11,0
0,0
11,1
19,1
2,1
11,1
10,1
8,1
5,1
11,1
18,1
10,1
1,1
6,1
0,1
11,1
9,1
11,1
5,1
