16,0
1,0
3,0
5,0
2,0
7,2
16,2
17,2
6,2
12,2
6,2
15,2
2,2
6,2
2,1
13,1
6,1
7,1
17,1
12,1
11,1
0,1
10,1
3,0
9,0
3,1
13,1
0,1
16,1
1,1
11,1
9,1
0,1
19,1
1,0
10,0
16,0
5,0
16,2
10,2
19,2
9,2
3,2
5,2
3,2
7,0
3,0
2,2
13,2
11,2
19,2
11,2
16,2
16,2
15,0
16,0
13,0
17,0
2,2
18,2
3,2
19,2
3,2
13,2
16,2
19,0
7,0
19,0
6,0
13,2
3,2
6,2
18,2
16,0
11,0
15,0
10,0
3,0
2,0
1,0
8,2
19,2
11,2
0,2
10,2
19,2
16,2
17,2
6,2
7,0
3,0
19,2
10,2
19,2
4,2
19,2
5,2
11,2
7,0
6,0
11,0
6,0
2,0
1,0
7,2
17,2
11,2
11,2
17,2
9,2
6,2
7,0
3,0
11,2
10,2
18,2
10,2
6,2
10,2
16,2
4,2
7,0
3,0
5,2
19,2
4,2
1,2
5,2
19,2
13,2
11,2
11,2
11,0
16,0
1,0
3,0
5,0
2,0
7,0
16,0
17,0
6,0
12,0
6,0
15,0
2,0
6,0
2,0
13,0
6,0
7,0
17,0
12,0
11,0
0,0
10,0
3,0
9,0
3,0
13,0
0,0
16,0
1,0
11,0
9,0
0,0
19,0
1,0
10,0
16,0
5,0
16,0
10,0
19,0
9,0
3,0
5,0
3,0
7,0
3,0
2,0
13,0
11,0
19,0
11,0
16,0
16,0
15,0
16,0
13,0
17,0
2,0
18,0
3,0
19,0
3,0
13,0
16,0
19,0
7,0
19,0
6,0
13,0
3,0
6,0
18,0
16,0
11,0
15,0
10,0
3,0
2,0
1,0
8,0
19,0
11,0
0,0
10,0
19,0
16,0
17,0
6,0
7,0
3,0
19,0
10,0
19,0
4,0
19,0
5,0
11,0
7,0
6,0
11,0
6,0
2,0
1,0
7,0
17,0
11,0
11,0
17,0
9,0
6,0
7,0
3,0
11,0
10,0
18,0
10,0
6,0
10,0
16,0
4,0
7,0
3,0
5,0
19,0
4,0
1,0
5,0
19,0
13,0
11,0
11,0
11,0
