19,0
19,0
7,0
7,0
16,2
6,2
0,0
5,0
1,0
2,0
15,0
17,0
14,0
15,0
5,2
9,2
15,2
10,2
5,2
18,2
1,2
15,2
7,0
15,0
15,2
17,2
0,2
8,2
16,2
4,2
7,2
7,2
16,2
10,2
9,2
1,2
5,0
2,0
17,2
19,2
12,2
16,2
0,1
0,1
8,1
4,1
19,1
3,1
1,0
6,0
10,0
16,0
13,2
1,2
19,2
19,2
19,2
7,0
6,0
8,0
2,0
10,0
2,0
5,0
2,0
3,0
7,0
16,0
6,0
5,2
18,2
19,2
7,2
19,2
5,2
11,2
9,2
19,2
19,2
8,0
14,0
18,0
17,0
2,0
16,0
3,0
3,1
19,1
0,1
0,1
7,1
18,0
3,0
9,0
0,2
10,2
10,2
1,2
10,2
0,0
5,0
15,0
19,0
16,0
10,0
2,0
15,0
18,0
19,0
5,0
10,0
7,0
19,0
10,0
14,0
1,0
0,0
7,0
16,0
9,0
10,0
0,0
2,0
2,0
15,0
14,0
4,2
18,2
9,2
16,2
7,2
17,0
7,0
10,0
16,0
1,0
16,0
2,0
7,0
5,0
10,0
0,0
5,0
16,0
10,0
5,2
5,2
0,2
18,2
10,0
14,0
16,2
19,2
3,1
18,1
0,1
9,1
4,1
15,1
15,0
15,0
15,0
18,0
17,1
7,1
15,1
16,1
19,1
11,0
2,0
15,0
12,2
19,2
4,2
0,2
7,0
7,0
3,0
7,0
19,0
1,0
15,0
7,0
4,0
5,0
7,0
3,0
15,0
7,0
7,0
14,2
10,2
8,2
4,2
10,2
19,2
2,0
7,0
5,2
18,2
0,2
19,2
8,2
7,2
19,2
16,2
15,2
13,2
19,0
15,0
1,0
10,0
7,0
4,0
2,0
19,0
16,0
1,0
11,0
14,0
16,2
19,2
13,2
16,2
1,2
19,0
15,0
0,0
18,1
9,1
15,1
17,1
9,1
2,1
2,1
19,1
9,1
0,1
15,1
2,1
