7,0
14,0
8,0
12,0
16,2
2,2
14,2
19,2
19,2
13,2
13,2
3,2
19,0
4,0
0,2
3,2
7,2
6,2
14,2
10,2
7,2
1,2
9,2
16,2
12,0
6,0
10,0
13,0
15,1
2,1
9,1
19,1
14,1
1,1
16,1
0,1
6,1
2,1
13,1
1,1
0,1
10,1
4,0
16,0
7,0
6,0
11,0
7,0
13,0
7,0
13,0
11,0
2,2
15,2
9,2
13,2
8,2
1,0
19,0
9,0
14,2
3,2
13,2
19,2
4,0
5,0
7,0
7,0
3,0
9,0
16,0
11,0
8,0
3,0
7,0
16,0
7,0
7,0
5,0
15,0
9,0
18,0
7,0
3,0
11,0
13,0
6,0
3,0
6,0
2,0
13,0
3,0
19,0
11,0
8,0
16,0
7,2
14,2
7,2
10,2
10,0
15,0
12,0
0,0
2,0
5,0
7,0
5,0
2,0
16,0
2,0
2,2
15,2
5,2
13,2
19,0
9,0
16,0
10,1
11,1
11,1
0,1
6,1
8,0
10,0
3,0
13,0
11,2
8,2
19,2
19,2
13,2
7,2
13,2
19,1
11,1
3,1
7,1
12,1
3,1
16,1
19,1
11,1
11,1
9,0
6,0
15,0
13,0
7,0
15,0
14,0
11,0
7,0
15,0
19,0
4,2
1,2
1,2
9,2
16,2
9,2
16,2
6,2
4,2
7,0
5,0
9,0
7,0
14,0
8,0
12,0
16,0
2,0
14,0
19,0
19,0
13,0
13,0
3,0
19,0
4,0
0,0
3,0
7,0
6,0
14,0
10,0
7,0
1,0
9,0
16,0
12,0
6,0
10,0
13,0
15,0
2,0
9,0
19,0
14,0
1,0
16,0
0,0
6,0
2,0
13,0
1,0
0,0
10,0
4,0
16,0
7,0
6,0
11,0
7,0
13,0
7,0
13,0
11,0
2,0
15,0
9,0
13,0
8,0
1,0
19,0
9,0
14,0
3,0
13,0
19,0
4,0
5,0
7,0
7,0
3,0
9,0
16,0
11,0
8,0
3,0
7,0
16,0
7,0
7,0
5,0
15,0
9,0
18,0
7,0
3,0
11,0
13,0
6,0
3,0
6,0
2,0
13,0
3,0
19,0
11,0
8,0
16,0
7,0
14,0
7,0
10,0
10,0
15,0
12,0
0,0
2,0
5,0
7,0
5,0
2,0
16,0
2,0
2,0
15,0
5,0
13,0
19,0
9,0
16,0
10,0
11,0
11,0
0,0
6,0
8,0
10,0
3,0
13,0
11,0
8,0
19,0
19,0
13,0
7,0
13,0
19,0
11,0
3,0
7,0
12,0
3,0
16,0
19,0
11,0
11,0
9,0
6,0
15,0
13,0
7,0
15,0
14,0
11,0
7,0
15,0
19,0
4,0
1,0
1,0
9,0
16,0
9,0
16,0
6,0
4,0
7,0
5,0
9,0
7,0
14,0
8,0
12,0
16,0
2,0
14,0
19,0
19,0
13,0
13,0
3,0
19,0
4,0
0,0
3,0
7,0
6,0
14,0
10,0
7,0
1,0
9,0
16,0
12,0
6,0
10,0
13,0
15,0
2,0
9,0
19,0
14,0
1,0
16,0
0,0
6,0
2,0
13,0
1,0
0,0
10,0
4,0
16,0
7,0
6,0
11,0
7,0
13,0
7,0
13,0
11,0
2,0
15,0
9,0
13,0
8,0
1,0
19,0
9,0
14,0
3,0
13,0
19,0
4,0
5,0
7,0
7,0
3,0
9,0
16,0
11,0
8,0
3,0
7,0
16,0
7,0
7,0
5,0
15,0
9,0
18,0
7,0
3,0
11,0
13,0
6,0
3,0
6,0
2,0
13,0
3,0
19,0
11,0
8,0
16,0
7,0
14,0
7,0
10,0
10,0
15,0
12,0
0,0
2,0
5,0
7,0
5,0
2,0
16,0
2,0
2,0
15,0
5,0
13,0
19,0
9,0
16,0
10,0
11,0
11,0
0,0
6,0
8,0
10,0
3,0
13,0
11,0
8,0
19,0
19,0
13,0
7,0
13,0
19,0
11,0
3,0
7,0
12,0
3,0
16,0
19,0
11,0
11,0
9,0
6,0
15,0
13,0
7,0
15,0
14,0
11,0
7,0
15,0
19,0
4,0
1,0
1,0
9,0
16,0
9,0
16,0
6,0
4,0
7,0
5,0
9,0
7,0
14,0
8,0
12,0
16,0
2,0
14,0
19,0
19,0
13,0
13,0
3,0
19,0
4,0
0,0
3,0
7,0
6,0
14,0
10,0
7,0
1,0
9,0
16,0
12,0
6,0
10,0
13,0
15,0
2,0
9,0
19,0
14,0
1,0
16,0
0,0
6,0
2,0
13,0
1,0
0,0
10,0
4,0
16,0
7,0
6,0
11,0
7,0
13,0
7,0
13,0
11,0
2,0
15,0
9,0
13,0
8,0
1,0
19,0
9,0
14,0
3,0
13,0
19,0
4,0
5,0
7,0
7,0
3,0
9,0
16,0
11,0
8,0
3,0
7,0
16,0
7,0
7,0
5,0
15,0
9,0
18,0
7,0
3,0
11,0
13,0
6,0
3,0
6,0
2,0
13,0
3,0
19,0
11,0
8,0
16,0
7,0
14,0
7,0
10,0
10,0
15,0
12,0
0,0
2,0
5,0
7,0
5,0
2,0
16,0
2,0
2,0
15,0
5,0
13,0
19,0
9,0
16,0
10,0
11,0
11,0
0,0
6,0
8,0
10,0
3,0
13,0
11,0
8,0
19,0
19,0
13,0
7,0
13,0
19,0
11,0
3,0
7,0
12,0
3,0
16,0
19,0
11,0
11,0
9,0
6,0
15,0
13,0
7,0
15,0
14,0
11,0
7,0
15,0
19,0
4,0
1,0
1,0
9,0
16,0
9,0
16,0
6,0
4,0
7,0
5,0
9,0
7,0
14,0
8,0
12,0
16,0
2,0
14,0
19,0
19,0
13,0
13,0
3,0
19,0
4,0
0,0
3,0
7,0
6,0
14,0
10,0
7,0
1,0
9,0
16,0
12,0
6,0
10,0
13,0
15,0
2,0
9,0
19,0
14,0
1,0
16,0
0,0
6,0
2,0
13,0
1,0
0,0
10,0
4,0
16,0
7,0
6,0
11,0
7,0
13,0
7,0
13,0
11,0
2,0
15,0
9,0
13,0
8,0
1,0
19,0
9,0
14,0
3,0
13,0
19,0
4,0
5,0
7,0
7,0
3,0
9,0
16,0
11,0
8,0
3,0
7,0
16,0
7,0
7,0
5,0
15,0
9,0
18,0
7,0
3,0
11,0
13,0
6,0
3,0
6,0
2,0
13,0
3,0
19,0
11,0
8,0
16,0
7,0
14,0
7,0
10,0
10,0
15,0
12,0
0,0
2,0
5,0
7,0
5,0
2,0
16,0
2,0
2,0
15,0
5,0
13,0
19,0
9,0
16,0
10,0
11,0
11,0
0,0
6,0
8,0
10,0
3,0
13,0
11,0
8,0
19,0
19,0
13,0
7,0
13,0
19,0
11,0
3,0
7,0
12,0
3,0
16,0
19,0
11,0
11,0
9,0
6,0
15,0
13,0
7,0
15,0
14,0
11,0
7,0
15,0
19,0
4,0
1,0
1,0
9,0
16,0
9,0
16,0
6,0
4,0
7,0
5,0
9,0
7,0
14,0
8,0
12,0
16,0
2,0
14,0
19,0
19,0
13,0
13,0
3,0
19,0
4,0
0,0
3,0
7,0
6,0
14,0
10,0
7,0
1,0
9,0
16,0
12,0
6,0
10,0
13,0
15,0
2,0
9,0
19,0
14,0
1,0
16,0
0,0
6,0
2,0
13,0
1,0
0,0
10,0
4,0
16,0
7,0
6,0
11,0
7,0
13,0
7,0
13,0
11,0
2,0
15,0
9,0
13,0
8,0
1,0
19,0
9,0
14,0
3,0
13,0
19,0
4,0
5,0
7,0
7,0
3,0
9,0
16,0
11,0
8,0
3,0
7,0
16,0
7,0
7,0
5,0
15,0
9,0
18,0
7,0
3,0
11,0
13,0
6,0
3,0
6,0
2,0
13,0
3,0
19,0
11,0
8,0
16,0
7,0
14,0
7,0
10,0
10,0
15,0
12,0
0,0
2,0
5,0
7,0
5,0
2,0
16,0
2,0
2,0
15,0
5,0
13,0
19,0
9,0
16,0
10,0
11,0
11,0
0,0
6,0
8,0
10,0
3,0
13,0
11,0
8,0
19,0
19,0
13,0
7,0
13,0
19,0
11,0
3,0
7,0
12,0
3,0
16,0
19,0
11,0
11,0
9,0
6,0
15,0
13,0
7,0
15,0
14,0
11,0
7,0
15,0
19,0
4,0
1,0
1,0
9,0
16,0
9,0
16,0
6,0
4,0
7,0
5,0
9,0
