7,0
15,0
3,0
15,1
1,1
16,1
19,1
15,1
6,1
10,1
19,1
16,1
2,1
16,1
2,1
16,1
9,1
1,1
19,1
0,1
12,1
11,1
3,1
0,1
18,1
5,1
1,1
3,1
7,1
11,0
18,0
14,0
3,0
18,0
5,0
0,0
14,0
10,0
15,0
10,0
16,0
0,0
3,1
15,1
9,1
11,1
16,1
3,0
15,0
16,0
7,0
9,1
0,1
19,1
0,1
5,1
10,1
19,1
5,1
10,1
7,0
11,0
10,0
16,1
14,1
3,1
6,1
0,0
1,2
2,2
7,0
9,0
15,0
7,0
3,2
18,2
9,0
7,2
9,2
7,2
7,2
0,2
9,2
16,0
15,0
15,0
7,0
15,0
16,0
9,0
2,0
11,0
7,2
13,2
0,2
12,2
6,2
10,2
2,2
7,2
10,2
15,1
5,1
6,1
5,1
4,1
1,1
15,1
9,1
10,1
7,1
5,1
19,1
7,1
3,1
2,1
17,1
6,0
18,2
19,2
0,2
19,2
7,2
16,0
15,0
14,0
15,0
7,0
15,0
18,1
3,1
0,1
10,1
15,1
0,1
7,0
0,0
19,2
2,2
12,0
10,0
0,0
0,0
16,0
3,0
2,0
16,0
16,0
9,2
10,2
1,2
15,0
10,0
0,0
0,0
2,0
7,0
5,0
19,0
15,0
10,0
16,1
0,1
6,1
11,1
9,1
10,1
11,0
16,0
4,0
16,0
0,0
16,0
19,0
2,2
15,2
9,2
16,2
10,2
0,2
15,2
1,0
