13,0
11,0
2,0
10,2
9,2
17,2
10,2
11,2
6,2
19,2
3,2
15,0
16,1
5,1
6,1
1,1
10,1
11,1
6,1
17,1
2,1
19,0
15,0
18,0
7,0
16,0
0,2
10,2
19,2
0,2
3,2
1,2
5,2
16,2
11,0
7,0
1,0
7,0
1,0
10,0
7,0
1,0
11,0
17,0
10,0
15,0
5,0
6,0
7,0
7,0
10,0
18,2
13,2
15,2
13,2
10,2
10,2
2,2
14,0
11,0
6,0
13,0
6,0
2,0
10,0
10,0
5,1
10,1
14,1
10,1
19,1
10,1
7,1
10,1
15,1
19,1
15,1
6,1
0,1
10,1
6,1
6,1
9,1
16,1
6,1
9,1
14,0
13,0
15,0
10,2
11,2
17,2
14,0
2,0
3,0
19,2
18,2
13,2
5,2
6,0
11,0
11,2
19,2
15,2
7,2
19,2
10,2
1,2
6,2
10,2
15,2
11,2
3,0
11,0
10,2
9,2
19,2
7,2
9,2
7,2
9,2
2,2
19,0
2,0
5,0
1,0
6,0
9,0
14,0
6,1
6,1
9,1
11,1
3,1
1,1
0,0
16,0
16,0
10,1
18,1
6,1
9,1
16,1
7,1
11,1
3,0
17,0
3,0
1,1
11,1
6,1
19,1
10,1
10,1
11,1
19,1
10,1
11,1
1,1
9,1
15,1
6,1
2,1
10,1
11,1
11,1
13,1
11,1
6,1
11,1
15,1
13,0
11,1
6,1
13,1
11,1
7,1
11,1
9,1
6,1
15,1
11,1
12,1
10,1
18,0
10,0
7,0
6,0
6,0
19,2
11,2
10,2
10,2
7,2
6,0
7,0
11,0
9,2
16,2
7,2
11,2
10,2
19,2
7,2
10,2
15,2
6,0
11,0
7,0
7,0
0,0
10,2
9,2
10,2
16,2
6,2
6,0
7,0
9,2
11,2
6,2
9,2
10,2
15,0
7,0
6,0
13,0
15,0
10,2
1,2
1,2
15,2
13,0
11,0
2,0
10,0
9,0
17,0
10,0
11,0
6,0
19,0
3,0
15,0
16,0
5,0
6,0
1,0
10,0
11,0
6,0
17,0
2,0
19,0
15,0
18,0
7,0
16,0
0,0
10,0
19,0
0,0
3,0
1,0
5,0
16,0
11,0
7,0
1,0
7,0
1,0
10,0
7,0
1,0
11,0
17,0
10,0
15,0
5,0
6,0
7,0
7,0
10,0
18,0
13,0
15,0
13,0
10,0
10,0
2,0
14,0
11,0
6,0
13,0
6,0
2,0
10,0
10,0
5,0
10,0
14,0
10,0
19,0
10,0
7,0
10,0
15,0
19,0
15,0
6,0
0,0
10,0
6,0
6,0
9,0
16,0
6,0
9,0
14,0
13,0
15,0
10,0
11,0
17,0
14,0
2,0
3,0
19,0
18,0
13,0
5,0
6,0
11,0
11,0
19,0
15,0
7,0
19,0
10,0
1,0
6,0
10,0
15,0
11,0
3,0
11,0
10,0
9,0
19,0
7,0
9,0
7,0
9,0
2,0
19,0
2,0
5,0
1,0
6,0
9,0
14,0
6,0
6,0
9,0
11,0
3,0
1,0
0,0
16,0
16,0
10,0
18,0
6,0
9,0
16,0
7,0
11,0
3,0
17,0
3,0
1,0
11,0
6,0
19,0
10,0
10,0
11,0
19,0
10,0
11,0
1,0
9,0
15,0
6,0
2,0
10,0
11,0
11,0
13,0
11,0
6,0
11,0
15,0
13,0
11,0
6,0
13,0
11,0
7,0
11,0
9,0
6,0
15,0
11,0
12,0
10,0
18,0
10,0
7,0
6,0
6,0
19,0
11,0
10,0
10,0
7,0
6,0
7,0
11,0
9,0
16,0
7,0
11,0
10,0
19,0
7,0
10,0
15,0
6,0
11,0
7,0
7,0
0,0
10,0
9,0
10,0
16,0
6,0
6,0
7,0
9,0
11,0
6,0
9,0
10,0
15,0
7,0
6,0
13,0
15,0
10,0
1,0
1,0
15,0
