3,0
14,0
1,1
18,1
16,1
11,1
13,1
10,1
16,1
5,1
8,1
18,1
3,1
0,1
11,0
14,0
11,0
7,0
1,0
3,0
0,0
1,1
18,1
4,1
6,1
15,1
12,1
12,1
1,1
1,1
1,1
7,1
10,1
16,0
15,0
14,0
4,0
11,0
6,0
19,0
2,0
16,2
13,2
9,2
8,2
7,2
2,0
11,0
7,1
15,1
9,1
11,1
0,1
9,1
4,1
7,1
0,1
2,1
7,0
15,0
14,2
18,2
7,2
6,2
2,0
10,0
1,0
9,2
15,2
5,2
15,2
14,0
13,0
5,0
9,2
16,2
16,2
4,2
11,2
8,2
16,2
7,2
7,2
15,0
14,0
1,0
14,0
14,0
4,0
1,0
18,0
1,2
0,2
15,2
0,2
7,2
13,2
1,2
8,2
19,2
19,0
9,0
0,2
4,2
6,2
2,2
7,2
10,0
14,0
19,2
8,2
13,2
3,2
6,2
15,0
13,0
3,0
14,0
1,0
18,0
16,0
11,0
13,0
10,0
16,0
5,0
8,0
18,0
3,0
0,0
11,0
14,0
11,0
7,0
1,0
3,0
0,0
1,0
18,0
4,0
6,0
15,0
12,0
12,0
1,0
1,0
1,0
7,0
10,0
16,0
15,0
14,0
4,0
11,0
6,0
19,0
2,0
16,0
13,0
9,0
8,0
7,0
2,0
11,0
7,0
15,0
9,0
11,0
0,0
9,0
4,0
7,0
0,0
2,0
7,0
15,0
14,0
18,0
7,0
6,0
2,0
10,0
1,0
9,0
15,0
5,0
15,0
14,0
13,0
5,0
9,0
16,0
16,0
4,0
11,0
8,0
16,0
7,0
7,0
15,0
14,0
1,0
14,0
14,0
4,0
1,0
18,0
1,0
0,0
15,0
0,0
7,0
13,0
1,0
8,0
19,0
19,0
9,0
0,0
4,0
6,0
2,0
7,0
10,0
14,0
19,0
8,0
13,0
3,0
6,0
15,0
13,0
9,0
