12,0
11,2
10,2
9,2
17,2
15,1
6,1
6,1
15,1
17,1
3,1
3,1
18,1
10,1
18,1
17,1
5,1
6,1
16,1
3,1
11,1
1,1
9,1
19,1
11,1
11,1
9,1
2,1
6,1
10,1
9,1
11,1
3,1
16,1
1,1
1,1
16,1
14,0
13,0
6,0
7,0
11,0
7,0
11,0
14,0
6,2
14,2
10,0
11,1
8,1
2,1
10,1
15,1
7,0
13,0
17,2
15,2
1,2
1,2
9,0
16,0
6,0
6,0
8,0
1,2
10,2
19,2
18,2
0,2
19,2
16,2
3,0
3,0
15,2
10,2
10,2
9,2
0,2
0,2
4,0
1,0
18,0
8,0
12,0
11,0
10,0
9,0
17,0
15,0
6,0
6,0
15,0
17,0
3,0
3,0
18,0
10,0
18,0
17,0
5,0
6,0
16,0
3,0
11,0
1,0
9,0
19,0
11,0
11,0
9,0
2,0
6,0
10,0
9,0
11,0
3,0
16,0
1,0
1,0
16,0
14,0
13,0
6,0
7,0
11,0
7,0
11,0
14,0
6,0
14,0
10,0
11,0
8,0
2,0
10,0
15,0
7,0
13,0
17,0
15,0
1,0
1,0
9,0
16,0
6,0
6,0
8,0
1,0
10,0
19,0
18,0
0,0
19,0
16,0
3,0
3,0
15,0
10,0
10,0
9,0
0,0
0,0
4,0
1,0
18,0
8,0
18,0
12,0
11,0
10,0
9,0
17,0
15,0
6,0
6,0
15,0
17,0
3,0
3,0
18,0
10,0
18,0
17,0
5,0
6,0
16,0
3,0
11,0
1,0
9,0
19,0
11,0
11,0
9,0
2,0
6,0
10,0
9,0
11,0
3,0
16,0
1,0
1,0
16,0
14,0
13,0
6,0
7,0
11,0
7,0
11,0
14,0
6,0
14,0
10,0
11,0
8,0
2,0
10,0
15,0
7,0
13,0
17,0
15,0
1,0
1,0
9,0
16,0
6,0
6,0
8,0
1,0
10,0
19,0
18,0
0,0
19,0
16,0
3,0
3,0
15,0
10,0
10,0
9,0
0,0
0,0
4,0
1,0
18,0
8,0
18,0
12,0
11,0
10,0
9,0
17,0
15,0
6,0
6,0
15,0
17,0
3,0
3,0
18,0
10,0
18,0
17,0
5,0
6,0
16,0
3,0
11,0
1,0
9,0
19,0
11,0
11,0
9,0
2,0
6,0
10,0
9,0
11,0
3,0
16,0
1,0
1,0
16,0
14,0
13,0
6,0
7,0
11,0
7,0
11,0
14,0
6,0
14,0
10,0
11,0
8,0
2,0
10,0
15,0
7,0
13,0
17,0
15,0
1,0
1,0
9,0
16,0
6,0
6,0
8,0
1,0
10,0
19,0
18,0
0,0
19,0
16,0
3,0
3,0
15,0
10,0
10,0
9,0
0,0
0,0
4,0
1,0
18,0
8,0
