5,0
19,0
11,0
3,0
13,0
19,0
9,0
6,0
14,0
14,0
9,0
11,0
2,0
2,0
10,0
8,0
9,0
18,0
11,0
16,0
13,0
7,0
19,0
13,0
7,0
7,2
11,2
6,0
18,0
15,0
0,0
2,0
15,0
12,0
18,2
10,2
19,2
16,2
11,2
11,2
7,2
19,2
19,2
10,2
13,0
3,0
19,2
14,2
17,2
6,2
11,2
19,2
5,2
18,2
5,2
15,2
10,2
12,2
3,0
16,0
9,2
11,2
11,2
1,2
8,2
2,0
10,0
14,0
19,0
19,1
0,1
19,1
13,1
0,1
16,1
8,1
15,1
8,1
3,1
3,1
1,1
0,1
7,1
3,1
10,1
15,1
13,0
13,0
2,2
2,2
11,2
7,2
9,2
11,0
16,0
18,0
0,0
16,0
0,0
11,0
16,0
2,0
6,0
13,0
10,1
11,1
11,1
3,1
7,1
11,1
0,1
16,0
15,0
16,2
6,2
9,2
9,2
11,1
16,1
7,1
11,1
14,1
18,1
1,1
9,1
7,1
7,1
6,1
6,0
13,0
19,0
19,0
3,0
13,0
10,2
7,2
6,0
7,0
8,0
16,0
0,0
3,2
2,2
19,2
19,2
19,0
17,0
13,2
14,2
11,2
18,2
2,2
19,2
10,0
3,0
7,0
7,0
4,0
10,0
19,0
11,0
15,0
2,0
15,0
0,2
16,2
3,2
10,0
7,0
18,0
9,0
11,0
6,2
0,2
2,2
19,2
6,2
5,1
17,1
14,1
11,0
16,0
9,0
2,0
11,0
10,0
11,0
0,0
11,0
18,0
15,0
11,0
0,0
16,0
10,0
9,0
9,0
14,1
7,1
8,1
3,1
6,1
17,1
11,1
7,1
7,1
7,1
8,1
19,1
6,1
8,0
16,0
10,0
6,0
10,2
10,2
2,2
11,2
