19,0
10,0
8,0
5,2
14,2
14,0
0,0
12,0
15,2
15,2
0,2
10,2
7,2
16,0
16,0
9,0
1,0
10,2
16,2
4,2
16,2
10,2
1,2
2,2
3,0
8,0
3,0
9,0
7,1
19,1
18,1
15,1
19,1
18,0
17,2
18,2
5,2
5,2
1,2
14,2
7,0
8,0
14,0
14,0
1,0
13,0
10,2
10,2
1,2
18,2
13,2
15,2
5,2
15,2
3,0
11,0
15,2
5,2
7,2
14,2
5,0
19,0
14,0
14,0
1,0
13,0
15,0
7,2
15,2
11,2
3,2
19,2
0,2
1,1
2,1
1,1
7,0
18,2
10,2
15,2
9,2
15,2
6,2
10,0
5,0
14,0
6,1
3,1
6,1
0,1
12,1
18,2
18,2
4,2
0,2
12,2
7,2
0,2
1,0
15,0
16,0
8,0
19,0
13,0
7,2
15,2
7,0
16,0
5,0
10,2
16,2
19,2
10,2
15,2
0,2
0,0
