9,0
16,0
7,0
7,0
15,0
15,0
0,0
19,0
0,0
7,0
5,0
17,0
14,0
17,0
5,0
19,0
15,0
9,0
16,0
18,0
6,0
7,0
19,0
8,0
19,0
4,0
7,0
7,0
15,0
10,0
19,0
15,0
6,0
5,0
17,0
19,0
10,0
15,0
0,0
0,0
8,0
4,0
13,0
14,0
15,0
6,0
8,0
8,0
11,2
6,2
0,0
18,0
6,0
19,0
11,0
10,0
7,0
0,0
8,2
5,2
10,2
3,2
15,2
18,2
15,0
6,0
3,2
0,2
11,2
19,2
15,2
16,2
10,2
11,2
3,0
9,0
9,0
14,0
8,2
14,2
15,2
18,2
10,1
5,1
6,1
7,1
15,1
5,0
7,0
3,0
9,0
0,1
10,1
10,1
5,0
10,2
15,2
1,2
14,2
9,2
16,0
13,0
15,0
1,0
18,0
9,0
1,0
14,0
9,0
15,0
10,0
14,0
0,2
0,2
2,2
0,0
15,2
13,2
14,2
2,2
7,2
10,2
8,0
4,0
16,0
19,0
16,0
7,0
17,0
7,0
8,0
19,0
0,0
14,0
15,0
19,2
15,2
10,2
10,2
16,2
14,0
11,0
14,0
10,0
5,0
5,0
10,0
6,0
19,0
14,0
10,0
9,0
15,0
1,0
6,0
16,0
4,0
2,0
0,0
10,0
18,0
2,0
9,0
3,0
0,0
11,0
14,2
6,2
6,2
14,2
8,2
13,2
19,0
5,0
6,0
3,0
12,0
19,0
4,0
0,0
7,0
18,0
19,0
6,0
7,0
7,0
11,0
3,0
0,2
4,2
5,2
7,2
3,2
15,2
7,2
7,2
14,1
10,1
15,1
4,1
14,1
19,1
6,1
7,1
10,1
17,1
18,0
10,0
16,0
7,0
9,0
19,0
15,0
17,0
7,0
3,0
0,0
4,0
7,0
0,0
1,2
2,2
1,2
14,2
7,0
19,0
18,0
16,0
10,0
0,0
15,0
15,0
18,0
0,0
15,0
17,0
9,0
5,0
15,0
11,0
19,2
16,2
6,2
10,2
5,2
10,2
19,0
14,0
