11,0
6,0
16,1
0,1
0,1
0,1
11,1
13,1
6,1
1,1
5,1
8,1
12,1
3,0
15,0
15,0
16,0
15,0
0,0
0,0
15,0
15,0
15,0
2,1
18,1
4,1
2,1
5,1
12,1
12,1
11,1
15,1
1,1
2,0
10,0
16,0
11,0
3,0
1,0
4,0
11,0
14,0
19,2
2,2
16,2
13,2
19,2
8,0
6,0
15,1
10,1
0,1
3,1
19,1
5,1
0,1
19,1
4,1
15,1
5,1
11,2
2,2
19,2
0,0
4,0
11,0
2,0
7,0
5,0
16,0
2,0
4,2
18,2
5,2
15,0
18,0
15,0
16,0
12,2
15,2
9,2
16,2
3,2
4,2
1,2
6,2
16,0
7,0
15,0
15,0
11,0
18,0
14,0
2,0
4,0
0,0
18,2
11,2
16,2
16,2
5,2
0,2
2,2
11,2
8,2
9,2
9,2
19,2
0,2
4,2
6,2
7,0
2,0
14,0
18,0
19,2
14,2
19,2
8,2
13,2
3,2
0,2
15,2
19,2
11,0
6,0
16,0
0,0
0,0
0,0
11,0
13,0
6,0
1,0
5,0
8,0
12,0
3,0
15,0
15,0
16,0
15,0
0,0
0,0
15,0
15,0
15,0
2,0
18,0
4,0
2,0
5,0
12,0
12,0
11,0
15,0
1,0
2,0
10,0
16,0
11,0
3,0
1,0
4,0
11,0
14,0
19,0
2,0
16,0
13,0
19,0
8,0
6,0
15,0
10,0
0,0
3,0
19,0
5,0
0,0
19,0
4,0
15,0
5,0
11,0
2,0
19,0
0,0
4,0
11,0
2,0
7,0
5,0
16,0
2,0
4,0
18,0
5,0
15,0
18,0
15,0
16,0
12,0
15,0
9,0
16,0
3,0
4,0
1,0
6,0
16,0
7,0
15,0
15,0
11,0
18,0
14,0
2,0
4,0
0,0
18,0
11,0
16,0
16,0
5,0
0,0
2,0
11,0
8,0
9,0
9,0
19,0
0,0
4,0
6,0
7,0
2,0
14,0
18,0
19,0
14,0
19,0
8,0
13,0
3,0
0,0
15,0
19,0
