7,0
4,0
7,0
6,0
10,0
19,0
17,0
19,0
7,0
6,0
14,0
10,0
16,0
10,0
1,0
16,0
0,0
6,0
16,0
9,0
16,0
7,0
11,0
18,0
7,0
19,0
17,0
1,0
3,0
14,0
11,0
14,0
16,0
18,0
14,0
18,0
16,0
5,0
6,0
16,0
16,0
17,0
1,0
9,0
3,0
16,0
19,0
7,0
16,0
3,0
19,0
1,0
5,0
19,0
13,0
6,0
18,0
3,0
10,0
9,0
15,0
5,0
13,0
5,0
7,0
18,0
14,0
15,0
11,0
19,0
8,0
9,0
10,0
14,0
1,0
14,0
10,0
6,0
15,0
16,0
7,0
0,0
19,0
19,0
18,0
15,0
7,0
15,0
10,0
18,0
13,0
5,0
7,0
0,0
6,0
15,0
1,0
16,0
19,0
9,0
1,0
18,0
6,0
10,0
2,0
16,0
6,0
16,0
19,0
11,0
0,0
6,0
11,0
6,0
9,0
14,0
7,0
0,0
7,0
18,0
8,0
7,0
5,0
13,0
14,0
18,0
15,0
17,0
7,0
7,0
18,0
16,0
3,0
9,0
3,0
10,0
0,0
19,0
3,0
6,0
0,0
7,0
10,0
17,0
19,0
9,0
18,0
15,0
16,0
3,0
3,0
0,0
11,0
7,0
0,0
9,0
19,0
10,0
15,0
11,0
10,0
2,0
14,0
6,0
2,0
10,0
6,0
10,0
6,0
5,0
16,0
17,0
6,0
16,0
2,0
9,0
1,0
11,0
5,0
15,0
19,0
0,0
2,0
0,0
13,0
9,0
9,0
4,0
7,0
16,0
10,0
18,0
16,0
19,0
15,0
15,0
18,0
16,0
15,0
0,0
3,0
0,0
16,0
19,0
2,0
13,0
0,0
18,0
3,0
16,0
7,0
16,0
7,0
9,0
15,0
11,0
16,0
10,0
16,0
9,0
14,0
13,0
11,0
2,0
1,0
18,0
11,0
18,0
15,0
15,0
9,0
3,0
18,0
2,0
14,0
10,0
6,0
11,0
11,0
10,0
13,0
0,0
17,0
3,0
2,0
10,0
2,0
19,2
16,2
18,2
3,2
9,0
11,0
10,0
15,2
