0,0
14,0
3,0
15,0
19,2
3,2
18,0
1,0
11,0
11,0
7,0
18,0
19,0
16,0
14,0
19,0
11,0
2,0
5,0
7,0
5,0
4,0
7,0
15,1
4,1
17,1
0,1
13,1
15,1
15,1
19,1
7,1
0,1
10,1
6,1
7,1
5,1
10,1
11,1
11,1
11,1
16,1
7,1
11,0
10,0
10,0
2,0
10,0
15,1
14,1
5,1
2,1
10,1
19,1
3,1
4,1
19,1
15,0
6,0
2,0
3,1
7,1
4,1
7,1
7,1
7,0
18,1
12,1
16,1
2,1
0,1
13,1
5,1
18,1
19,1
5,1
11,1
2,1
1,1
7,0
9,0
3,0
15,0
6,0
3,0
0,0
18,0
14,0
18,0
19,0
7,0
5,0
6,0
6,0
15,0
4,0
12,0
18,0
2,0
14,0
16,0
7,0
11,0
0,0
0,0
11,0
4,0
1,0
7,0
18,2
1,2
6,2
9,0
14,0
6,0
7,0
2,1
6,1
11,1
0,1
10,1
11,1
1,1
0,1
19,1
0,1
1,1
19,1
7,0
14,0
19,2
15,2
19,2
0,2
9,2
3,0
0,0
15,0
10,1
16,1
15,1
13,1
5,1
13,1
18,0
15,0
11,0
7,0
19,2
18,2
18,0
3,0
6,0
15,0
4,0
2,0
15,0
3,0
2,0
10,0
2,0
8,2
0,2
19,2
10,2
0,2
19,2
7,2
18,2
7,2
9,2
5,2
11,0
7,0
2,2
11,2
8,2
17,2
9,2
9,2
11,2
2,0
15,0
17,0
7,0
6,0
2,0
17,0
7,0
2,0
11,0
7,0
18,2
9,2
10,2
12,2
0,2
1,0
2,0
11,0
2,0
2,1
0,1
4,1
7,1
9,1
0,0
2,0
10,0
0,0
15,2
13,2
14,2
11,0
12,0
