7,0
15,0
8,0
12,0
15,0
2,2
9,2
15,2
10,2
9,0
19,0
7,0
10,0
7,0
2,0
14,0
7,0
15,0
6,0
18,1
0,1
5,1
16,1
1,1
8,1
2,1
0,1
7,1
13,1
17,1
13,1
19,1
6,1
5,1
10,1
0,1
3,1
11,0
18,0
7,0
9,2
16,2
10,2
11,1
2,1
3,1
14,0
11,2
13,2
8,2
7,2
9,2
15,2
7,2
1,2
7,0
2,0
9,2
6,2
7,2
8,2
3,2
19,2
1,2
10,2
10,0
10,0
14,1
12,1
16,1
18,1
12,1
2,1
1,1
15,1
7,1
5,1
15,1
19,1
19,1
14,1
13,1
15,1
11,0
13,0
18,1
5,1
9,1
0,0
14,2
6,2
0,2
9,2
10,2
9,2
0,2
8,0
3,0
6,0
10,0
3,0
12,0
2,0
14,2
7,2
19,2
9,2
1,2
10,0
11,0
16,0
7,0
7,0
7,0
8,0
7,0
7,1
8,1
2,1
7,1
10,1
1,1
3,1
9,1
19,1
14,1
8,0
9,0
7,0
14,2
2,2
13,2
8,2
1,2
10,2
1,0
9,0
7,0
9,0
7,0
8,0
14,0
7,0
15,1
11,1
6,1
1,1
19,1
15,1
7,1
8,0
19,0
10,0
7,1
11,1
0,1
14,1
15,1
2,1
6,1
5,1
15,1
10,1
12,1
3,1
7,1
0,1
9,1
3,1
8,1
0,1
10,1
15,1
11,1
19,1
11,1
10,1
10,0
19,1
5,1
7,1
5,1
19,1
14,1
5,1
0,1
12,1
2,1
5,1
9,0
2,0
0,0
18,0
11,0
14,0
0,0
