12,0
6,2
7,2
1,2
10,2
10,2
10,0
10,0
6,0
16,0
14,0
7,0
2,1
16,1
1,1
12,1
15,1
10,1
0,1
18,1
3,1
6,1
0,1
9,1
18,1
1,1
15,1
13,1
5,0
18,0
7,0
3,0
11,0
14,0
9,2
10,2
1,2
13,2
18,2
1,0
8,0
3,0
1,0
15,2
19,2
9,2
9,2
7,0
18,0
13,0
5,0
19,0
0,0
6,0
6,0
6,0
19,0
3,1
10,1
3,1
18,1
12,1
11,1
11,1
2,1
7,0
9,0
12,2
10,2
0,2
1,2
1,0
18,0
16,0
7,0
7,0
7,0
0,0
19,2
18,2
8,2
3,0
10,0
7,0
3,2
10,2
2,2
13,2
15,2
19,2
19,2
1,2
15,2
15,2
3,0
3,0
12,0
3,1
9,1
16,1
15,1
12,1
13,1
1,1
16,1
12,1
2,1
6,1
0,1
19,1
19,1
2,1
15,1
10,1
1,1
9,1
10,1
7,0
10,0
3,0
0,0
1,2
14,2
7,0
6,0
10,0
2,0
3,0
19,0
15,0
9,0
14,0
19,0
2,0
11,0
11,0
16,0
3,0
9,2
12,2
0,2
7,0
6,0
11,2
11,2
9,2
12,2
7,2
0,2
0,2
7,2
0,2
12,2
1,2
11,0
7,2
0,2
11,2
10,2
17,2
8,2
0,2
0,2
12,2
10,2
19,0
8,0
16,0
3,1
10,1
3,1
12,1
10,1
15,1
0,1
19,1
10,1
11,0
19,0
14,0
15,0
16,0
1,0
6,0
1,0
19,0
0,0
2,0
19,0
16,0
3,0
13,1
19,1
3,1
19,1
15,1
9,0
3,1
6,1
19,1
1,1
2,1
0,1
10,0
9,0
1,1
7,1
13,1
15,1
6,1
16,1
10,1
8,1
9,1
3,1
13,1
1,1
6,1
3,1
16,1
9,1
16,1
6,1
11,0
6,2
6,2
15,2
10,2
0,2
1,0
6,0
10,1
13,1
3,1
11,1
11,1
18,1
15,1
16,1
6,1
6,1
17,1
2,1
12,1
7,1
10,1
10,0
