16,0
10,2
15,2
9,2
10,2
19,2
0,2
8,2
3,2
10,0
5,0
1,0
19,2
9,2
7,2
13,0
6,0
2,0
5,0
10,0
14,0
17,0
8,0
10,1
14,1
2,1
3,1
10,1
11,1
8,1
19,1
11,1
11,1
10,1
15,1
16,1
7,0
8,0
16,2
10,2
19,2
12,2
7,2
1,1
11,1
16,1
13,1
6,1
15,1
9,1
7,1
11,0
14,0
10,0
14,0
2,0
1,0
1,2
2,2
19,2
19,2
10,2
16,0
15,0
3,0
16,0
15,0
13,0
2,0
19,0
6,0
7,0
19,2
3,2
19,2
9,2
8,0
15,1
9,1
6,1
3,1
9,1
18,1
5,1
10,1
14,0
7,0
8,0
19,2
13,2
9,2
13,0
7,0
7,1
5,1
16,1
10,1
13,1
6,1
6,1
12,1
9,1
3,0
11,0
19,0
3,0
3,2
12,2
18,2
9,2
16,2
19,2
9,2
6,0
7,0
11,0
13,0
1,0
7,0
3,0
16,2
13,2
13,0
14,0
14,0
18,0
16,0
13,0
6,0
3,0
17,2
6,2
19,2
0,2
15,2
15,2
19,2
6,2
7,0
11,0
10,0
3,0
6,0
11,0
2,0
16,0
9,0
14,0
8,2
16,2
13,2
10,2
8,2
10,2
9,2
1,2
11,0
