6,0
14,0
1,0
9,0
19,2
16,2
15,2
6,2
6,0
19,0
9,0
9,2
1,2
3,0
15,0
10,0
10,0
14,0
19,0
16,0
10,2
5,2
4,2
2,2
10,2
16,2
15,2
15,2
15,2
8,0
16,0
10,0
12,0
18,2
15,2
18,2
17,2
16,2
11,2
2,2
7,2
19,0
6,0
10,2
16,2
0,0
16,0
1,0
11,0
2,0
0,0
15,0
2,0
12,0
6,2
18,2
1,2
9,2
2,2
11,2
14,0
1,0
0,0
6,1
3,1
15,1
7,1
6,1
18,2
8,2
4,2
19,2
18,2
8,2
13,2
19,2
15,2
0,0
14,0
11,2
0,2
2,2
0,2
16,2
9,2
6,2
19,2
11,2
0,2
0,2
14,0
3,0
9,0
16,2
7,2
8,2
11,2
1,2
15,0
6,0
2,2
11,2
2,2
6,2
7,2
5,0
3,0
0,0
12,0
12,2
18,2
4,2
11,2
15,2
19,2
7,2
18,2
14,0
8,0
14,0
6,0
17,0
12,2
17,2
1,2
11,2
11,2
6,2
2,2
7,2
19,0
13,0
6,2
6,2
9,2
15,2
2,0
15,0
15,0
7,0
1,0
13,0
13,0
9,2
9,2
2,2
11,2
6,2
2,0
18,0
16,0
6,2
10,2
2,2
9,2
19,2
2,2
10,0
5,0
9,0
16,0
6,0
3,0
14,0
7,0
6,0
18,2
6,2
4,2
2,2
0,2
16,2
2,2
15,2
9,0
7,0
15,0
0,0
15,2
19,2
15,2
16,2
19,2
10,2
1,2
19,2
1,2
19,2
