5,0
7,0
14,2
0,2
12,2
7,2
9,2
1,2
1,2
9,2
7,2
10,0
19,0
19,0
14,1
15,1
15,1
2,1
19,1
16,1
19,1
6,1
16,1
6,1
12,1
14,1
0,0
10,0
10,0
15,0
1,0
8,2
14,2
7,2
0,2
6,2
13,2
15,2
13,2
8,2
15,0
16,0
1,0
12,0
1,0
12,1
8,1
16,1
19,1
15,1
14,1
6,1
7,1
10,1
0,1
0,1
12,1
2,1
0,1
5,1
1,1
6,1
1,1
4,1
19,1
10,1
6,0
9,0
0,0
3,0
0,2
0,2
14,2
6,2
19,0
9,1
10,1
18,1
0,1
4,1
10,1
19,1
0,0
19,0
12,0
19,1
7,1
7,1
14,1
7,1
6,1
8,1
8,1
1,1
19,1
6,1
15,1
0,1
19,1
0,1
6,1
5,1
10,0
0,0
16,0
7,0
7,2
15,2
5,2
0,2
10,1
19,1
1,1
15,1
15,1
0,1
7,1
0,1
10,1
19,1
6,1
7,1
10,0
1,0
0,0
10,2
3,2
0,2
5,2
1,2
19,2
0,0
10,0
19,1
16,1
14,1
18,1
12,1
1,1
14,1
10,1
0,1
6,1
11,1
19,1
19,1
0,1
18,1
10,0
6,0
0,2
6,2
7,2
13,2
16,2
9,2
15,2
3,0
17,0
1,0
0,0
10,1
6,1
19,1
0,1
3,1
2,1
16,1
6,0
19,1
7,1
4,1
9,1
14,1
7,1
6,1
5,1
19,1
12,1
0,1
0,1
0,0
1,0
15,0
10,0
3,0
10,0
15,2
6,2
19,2
3,2
0,2
10,0
19,0
9,0
15,0
4,0
0,0
19,1
5,1
12,1
14,1
15,1
10,1
14,1
10,1
19,1
6,1
16,1
0,1
6,1
1,0
6,0
13,2
7,2
9,2
14,1
19,1
10,1
15,1
0,1
0,1
16,1
0,1
7,1
0,1
18,1
15,1
9,1
10,0
1,0
15,0
10,0
3,0
10,0
14,0
19,0
0,0
19,1
14,1
7,1
0,1
7,1
1,1
10,0
10,0
1,0
5,0
3,0
15,0
0,0
19,0
12,0
7,0
9,0
1,0
1,0
9,0
7,0
10,0
19,0
19,0
14,0
15,0
15,0
2,0
19,0
16,0
19,0
6,0
16,0
6,0
12,0
14,0
0,0
10,0
10,0
15,0
1,0
8,0
14,0
7,0
0,0
6,0
13,0
15,0
13,0
8,0
15,0
16,0
1,0
12,0
1,0
12,0
8,0
16,0
19,0
15,0
14,0
6,0
7,0
10,0
0,0
0,0
12,0
2,0
0,0
5,0
1,0
6,0
1,0
4,0
19,0
10,0
6,0
9,0
0,0
3,0
0,0
0,0
14,0
6,0
19,0
9,0
10,0
18,0
0,0
4,0
10,0
19,0
0,0
19,0
12,0
19,0
7,0
7,0
14,0
7,0
6,0
8,0
8,0
1,0
19,0
6,0
15,0
0,0
19,0
0,0
6,0
5,0
10,0
0,0
16,0
7,0
7,0
15,0
5,0
0,0
10,0
19,0
1,0
15,0
15,0
0,0
7,0
0,0
10,0
19,0
6,0
7,0
10,0
1,0
0,0
10,0
3,0
0,0
5,0
1,0
19,0
0,0
10,0
19,0
16,0
14,0
18,0
12,0
1,0
14,0
10,0
0,0
6,0
11,0
19,0
19,0
0,0
18,0
10,0
6,0
0,0
6,0
7,0
13,0
16,0
9,0
15,0
3,0
17,0
1,0
0,0
10,0
6,0
19,0
0,0
3,0
2,0
16,0
6,0
19,0
7,0
4,0
9,0
14,0
7,0
6,0
5,0
19,0
12,0
0,0
0,0
0,0
1,0
15,0
10,0
3,0
10,0
15,0
6,0
19,0
3,0
0,0
10,0
19,0
9,0
15,0
4,0
0,0
19,0
5,0
12,0
14,0
15,0
10,0
14,0
10,0
19,0
6,0
16,0
0,0
6,0
1,0
6,0
13,0
7,0
9,0
14,0
19,0
10,0
15,0
0,0
0,0
16,0
0,0
7,0
0,0
18,0
15,0
9,0
10,0
1,0
15,0
10,0
3,0
10,0
14,0
19,0
0,0
19,0
14,0
7,0
0,0
7,0
1,0
10,0
10,0
1,0
5,0
3,0
15,0
7,0
9,0
1,0
1,0
9,0
7,0
10,0
19,0
19,0
14,0
15,0
15,0
2,0
19,0
16,0
19,0
6,0
16,0
6,0
12,0
14,0
0,0
10,0
10,0
15,0
1,0
8,0
14,0
7,0
0,0
6,0
13,0
15,0
13,0
8,0
15,0
16,0
1,0
12,0
1,0
12,0
8,0
16,0
19,0
15,0
14,0
6,0
7,0
10,0
0,0
0,0
12,0
2,0
0,0
5,0
1,0
6,0
1,0
4,0
19,0
10,0
6,0
9,0
0,0
3,0
0,0
0,0
14,0
6,0
19,0
9,0
10,0
18,0
0,0
4,0
10,0
19,0
0,0
19,0
12,0
19,0
7,0
7,0
14,0
7,0
6,0
8,0
8,0
1,0
19,0
6,0
15,0
0,0
19,0
0,0
6,0
5,0
10,0
0,0
16,0
7,0
7,0
15,0
5,0
0,0
10,0
19,0
1,0
15,0
15,0
0,0
7,0
0,0
10,0
19,0
6,0
7,0
10,0
1,0
0,0
10,0
3,0
0,0
5,0
1,0
19,0
0,0
10,0
19,0
16,0
14,0
18,0
12,0
1,0
14,0
10,0
0,0
6,0
11,0
19,0
19,0
0,0
18,0
10,0
6,0
0,0
6,0
7,0
13,0
16,0
9,0
15,0
3,0
17,0
1,0
0,0
10,0
6,0
19,0
0,0
3,0
2,0
16,0
6,0
19,0
7,0
4,0
9,0
14,0
7,0
6,0
5,0
19,0
12,0
0,0
0,0
0,0
1,0
15,0
10,0
3,0
10,0
15,0
6,0
19,0
3,0
0,0
10,0
19,0
9,0
15,0
4,0
0,0
19,0
5,0
12,0
14,0
15,0
10,0
14,0
10,0
19,0
6,0
16,0
0,0
6,0
1,0
6,0
13,0
7,0
9,0
14,0
19,0
10,0
15,0
0,0
0,0
16,0
0,0
7,0
0,0
18,0
15,0
9,0
10,0
1,0
15,0
10,0
3,0
10,0
14,0
19,0
0,0
19,0
14,0
7,0
0,0
7,0
1,0
10,0
10,0
1,0
5,0
3,0
15,0
7,0
9,0
1,0
1,0
9,0
7,0
10,0
19,0
19,0
14,0
15,0
15,0
2,0
19,0
16,0
19,0
6,0
16,0
6,0
12,0
14,0
0,0
10,0
10,0
15,0
1,0
8,0
14,0
7,0
0,0
6,0
13,0
15,0
13,0
8,0
15,0
16,0
1,0
12,0
1,0
12,0
8,0
16,0
19,0
15,0
14,0
6,0
7,0
10,0
0,0
0,0
12,0
2,0
0,0
5,0
1,0
6,0
1,0
4,0
19,0
10,0
6,0
9,0
0,0
3,0
0,0
0,0
14,0
6,0
19,0
9,0
10,0
18,0
0,0
4,0
10,0
19,0
0,0
19,0
12,0
19,0
7,0
7,0
14,0
7,0
6,0
8,0
8,0
1,0
19,0
6,0
15,0
0,0
19,0
0,0
6,0
5,0
10,0
0,0
16,0
7,0
7,0
15,0
5,0
0,0
10,0
19,0
1,0
15,0
15,0
0,0
7,0
0,0
10,0
19,0
6,0
7,0
10,0
1,0
0,0
10,0
3,0
0,0
5,0
1,0
19,0
0,0
10,0
19,0
16,0
14,0
18,0
12,0
1,0
14,0
10,0
0,0
6,0
11,0
19,0
19,0
0,0
18,0
10,0
6,0
0,0
6,0
7,0
13,0
16,0
9,0
15,0
3,0
17,0
1,0
0,0
10,0
6,0
19,0
0,0
3,0
2,0
16,0
6,0
19,0
7,0
4,0
9,0
14,0
7,0
6,0
5,0
19,0
12,0
0,0
0,0
0,0
1,0
15,0
10,0
3,0
10,0
15,0
6,0
19,0
3,0
0,0
10,0
19,0
9,0
15,0
4,0
0,0
19,0
5,0
12,0
14,0
15,0
10,0
14,0
10,0
19,0
6,0
16,0
0,0
6,0
1,0
6,0
13,0
7,0
9,0
14,0
19,0
10,0
15,0
0,0
0,0
16,0
0,0
7,0
0,0
18,0
15,0
9,0
10,0
1,0
15,0
10,0
3,0
10,0
14,0
19,0
0,0
19,0
14,0
7,0
0,0
7,0
1,0
10,0
10,0
1,0
5,0
3,0
15,0
