11,0
11,0
9,2
10,2
9,2
19,2
3,2
3,2
6,0
11,1
14,1
9,1
15,1
3,1
9,1
9,1
11,1
13,1
2,1
12,1
16,1
11,1
6,1
7,1
18,0
6,0
19,2
19,2
16,2
0,2
13,2
2,0
7,1
1,1
6,1
0,1
10,1
6,1
5,1
13,1
6,1
0,1
6,1
5,1
14,1
3,0
9,0
9,2
9,2
10,2
3,2
10,2
3,0
7,0
10,0
6,0
19,0
0,0
11,1
16,1
9,1
1,1
11,1
16,1
15,1
15,1
19,1
14,1
9,1
10,0
12,0
10,0
15,0
0,0
11,2
3,2
15,2
6,2
13,2
3,0
11,0
19,0
9,1
7,1
10,1
6,1
10,1
7,1
0,1
3,1
3,1
18,1
19,1
16,1
11,0
14,0
13,0
15,2
2,2
1,2
6,0
10,0
5,0
0,1
1,1
19,1
11,1
0,1
10,1
10,1
1,1
1,1
