8,0
3,0
11,0
17,1
6,1
9,1
14,1
1,0
15,0
6,0
9,0
16,0
10,0
6,0
1,0
11,0
10,0
7,0
15,0
7,0
5,0
13,0
7,0
6,2
19,2
18,2
6,0
7,0
11,0
17,0
1,0
2,0
18,2
2,2
9,2
6,2
19,2
0,2
19,0
11,0
16,0
10,0
11,0
6,0
7,1
16,1
12,1
15,1
19,1
6,1
6,1
13,1
10,1
5,1
6,1
0,1
5,1
9,0
12,0
11,0
11,0
10,0
11,0
8,0
14,0
2,0
10,2
19,2
5,2
10,2
18,2
7,0
19,0
4,0
16,0
11,0
6,0
14,2
14,2
9,2
18,2
9,2
9,0
16,0
6,0
18,0
12,2
15,2
8,1
7,1
15,1
10,1
10,1
3,1
18,1
10,0
1,1
3,1
4,1
6,1
7,1
8,1
16,1
19,1
2,1
0,1
5,1
0,1
10,1
10,1
3,1
12,1
0,1
0,1
5,1
19,1
0,1
15,1
7,1
12,1
0,1
18,1
10,1
6,0
15,0
5,0
2,0
13,0
9,0
8,0
1,1
3,1
10,1
0,0
0,2
1,2
2,2
4,0
10,1
19,1
7,1
6,0
2,2
2,2
19,2
19,0
11,0
19,0
0,0
3,0
13,0
7,0
10,0
0,0
1,0
10,0
9,0
0,0
11,0
13,0
14,0
9,0
11,0
17,0
16,0
0,0
14,0
6,1
0,1
9,1
15,1
18,1
2,1
1,1
13,1
15,1
9,1
11,1
15,1
3,1
19,0
17,0
0,1
13,1
7,1
9,1
10,1
10,1
17,1
6,1
9,1
13,1
16,1
18,1
7,1
5,1
19,1
14,1
18,1
14,1
7,0
12,0
15,0
7,0
15,0
6,0
19,0
9,0
6,0
5,0
19,1
6,1
1,1
7,1
18,1
1,1
12,1
14,1
1,1
14,1
5,0
7,0
4,0
14,0
6,0
6,0
9,0
18,0
6,0
10,0
12,1
10,1
5,1
4,1
17,1
2,1
11,1
15,1
14,1
6,1
6,1
1,1
14,0
16,0
13,1
0,1
6,1
16,1
10,1
8,0
0,1
10,1
6,1
16,1
12,1
13,1
