12,0
16,2
6,2
9,2
0,2
10,2
9,2
7,2
2,0
14,0
2,0
15,0
7,1
11,1
16,1
15,1
10,1
13,1
2,1
10,1
9,1
16,1
7,1
8,0
2,0
5,2
1,2
19,2
7,2
2,2
17,0
14,0
7,0
19,0
15,0
19,0
6,2
1,2
11,2
15,2
7,2
10,2
19,0
11,0
11,0
2,0
11,0
3,0
10,2
6,2
9,2
5,2
3,2
10,0
14,0
7,0
9,0
18,0
15,0
12,0
15,0
14,0
18,0
15,1
14,1
6,1
6,1
11,1
19,1
0,1
1,1
3,1
18,1
10,1
10,1
15,1
5,0
1,0
0,0
3,0
15,2
9,2
10,2
2,2
19,2
19,2
3,2
0,0
16,0
2,1
10,1
6,1
1,1
2,1
10,1
18,1
10,1
16,1
16,1
5,1
10,1
9,1
6,1
16,1
7,0
9,0
14,0
19,2
16,2
9,2
0,2
10,2
2,2
12,0
9,0
3,0
19,0
11,0
9,0
2,0
19,0
3,0
11,0
10,0
15,0
18,1
8,1
10,1
7,1
19,1
14,1
19,1
19,1
0,1
16,1
15,0
0,0
10,2
11,2
5,2
16,2
7,0
19,0
3,0
5,0
19,0
19,0
11,1
11,1
0,1
0,1
8,1
16,1
16,1
16,1
15,1
16,1
19,1
7,0
3,0
10,0
0,0
13,0
14,0
9,0
18,0
3,0
3,0
1,0
10,0
6,0
0,0
0,1
9,1
15,1
5,1
9,1
10,1
6,1
19,1
10,1
7,1
2,1
15,1
19,1
14,1
5,1
1,1
15,0
0,0
1,0
13,0
18,0
0,0
9,1
11,1
10,1
13,1
6,1
5,1
3,1
15,1
10,1
19,1
6,1
0,0
6,1
10,1
3,1
10,1
15,1
5,1
13,1
5,1
1,0
11,0
6,1
9,1
6,1
3,1
9,1
9,1
1,1
9,1
16,1
6,1
6,1
9,1
13,1
16,1
6,1
3,1
0,1
6,1
15,1
9,1
19,0
9,1
2,1
6,1
1,1
18,1
0,1
13,1
9,1
6,1
1,1
19,1
4,1
5,1
12,1
