12,0
17,2
10,2
16,2
11,2
10,2
19,2
10,2
2,0
14,0
0,0
15,1
1,1
0,1
0,1
1,1
1,1
3,1
10,1
0,1
2,1
14,1
18,1
6,1
12,1
8,1
1,1
16,1
10,1
15,1
11,1
0,0
19,1
15,1
1,1
0,1
10,1
6,1
6,1
7,0
1,0
6,0
1,0
10,0
10,2
17,2
1,2
10,2
6,0
14,0
0,0
1,0
7,0
10,0
6,0
14,0
14,0
19,2
19,2
10,2
19,2
5,2
16,2
10,0
16,0
6,0
14,0
3,1
17,1
15,1
19,1
10,1
3,0
6,0
7,0
18,0
0,2
5,2
19,2
13,0
14,0
14,0
11,2
14,2
13,0
8,0
14,0
0,0
10,0
11,0
14,0
7,0
5,0
1,2
10,2
1,2
13,2
1,2
10,2
1,2
0,2
2,0
14,0
0,0
11,0
1,0
10,0
11,0
16,0
14,0
0,0
6,0
11,0
19,0
0,0
17,0
10,1
6,1
1,1
1,1
10,1
6,1
6,1
7,1
7,1
13,1
1,1
10,1
10,1
6,1
7,1
6,1
1,1
7,0
14,2
17,2
19,2
5,0
9,2
10,2
5,0
3,0
16,2
13,2
10,0
6,2
5,2
19,2
5,2
0,2
19,2
10,2
13,2
6,2
7,0
1,0
10,0
6,0
19,0
19,0
3,0
14,0
6,0
1,0
0,0
10,0
0,0
16,0
10,0
1,0
1,2
7,2
19,2
7,2
14,2
7,2
11,2
0,2
10,2
7,2
10,2
7,2
10,0
10,1
15,1
19,1
0,1
14,1
