7,0
0,0
10,0
15,0
11,0
6,0
9,0
10,0
6,1
6,1
10,1
5,1
10,1
2,1
16,1
11,1
13,1
16,1
6,1
6,1
6,1
10,0
15,0
15,1
17,1
18,1
5,1
15,1
13,1
10,1
11,1
6,1
0,1
14,1
15,1
7,1
1,1
9,1
16,1
1,0
5,0
6,0
13,2
5,2
16,2
9,1
18,1
15,1
11,1
13,1
13,1
14,1
6,1
0,1
3,1
14,1
11,1
0,0
18,0
0,0
5,0
8,1
19,1
13,1
1,1
15,1
13,1
3,1
0,1
2,1
15,1
3,1
7,0
16,0
10,0
3,0
13,0
11,0
6,0
18,2
19,2
9,2
0,1
10,1
8,1
12,1
16,1
15,1
0,1
7,1
11,1
16,1
2,1
5,1
11,1
10,0
6,1
17,1
0,1
13,1
15,1
10,1
18,1
3,1
19,1
3,1
7,1
2,1
7,1
16,1
9,0
15,0
11,0
2,0
6,0
19,0
10,0
6,1
9,1
19,1
16,1
0,1
9,1
13,1
11,1
12,1
9,1
15,1
14,1
6,1
3,1
16,0
11,0
8,1
10,1
14,1
6,1
3,1
6,1
2,1
16,1
14,1
6,1
11,1
1,1
0,1
6,1
11,1
9,1
17,1
7,1
13,1
13,1
7,1
11,1
11,1
3,1
3,1
3,1
11,0
10,0
16,0
6,0
11,0
6,0
13,0
9,0
6,1
7,1
16,1
10,1
0,1
2,1
11,1
6,1
9,1
10,1
1,1
10,1
9,1
5,1
13,1
6,1
14,1
5,1
11,1
19,1
11,0
6,0
11,0
10,0
