10,0
7,0
15,2
6,2
10,0
19,0
5,0
15,0
15,0
15,0
16,2
7,2
6,2
9,2
4,0
3,0
15,0
14,2
8,2
5,2
9,0
10,0
3,0
7,0
11,1
2,1
4,1
16,1
10,1
9,1
3,1
0,1
10,1
10,1
7,1
3,1
14,1
5,1
4,1
3,1
7,0
13,0
5,0
2,0
11,0
11,2
17,2
3,2
10,2
13,0
19,0
6,0
1,0
15,0
11,0
0,0
18,0
15,0
2,0
4,2
18,2
14,0
18,0
3,1
19,1
14,1
3,1
18,1
0,1
15,1
10,1
1,1
15,1
10,1
19,1
0,1
15,0
15,0
7,0
16,2
10,2
6,2
13,0
2,0
2,0
6,0
15,0
13,0
2,0
17,0
16,0
7,0
19,0
16,0
5,0
2,2
7,2
16,2
15,2
15,2
0,2
4,0
9,0
1,2
1,2
15,2
11,0
2,0
15,0
13,0
13,2
15,2
1,2
10,0
2,0
17,0
10,0
16,0
8,0
10,0
2,0
13,0
11,0
18,2
14,2
0,2
10,2
2,2
19,2
16,0
12,0
14,0
2,0
2,0
6,0
5,2
13,2
3,2
11,2
10,2
18,2
9,2
17,2
7,2
19,0
8,0
8,1
14,1
7,1
16,1
3,1
11,1
3,1
5,1
9,1
13,1
10,0
18,0
0,0
5,0
0,0
15,2
7,2
1,2
9,2
16,2
19,0
15,0
16,2
11,2
1,2
15,2
5,2
5,0
16,0
19,0
15,0
14,0
2,0
9,0
7,0
15,0
1,0
14,0
1,0
19,0
1,0
2,0
9,2
14,2
15,2
1,2
9,2
15,2
9,2
18,2
17,2
16,0
9,0
19,0
11,0
14,2
7,2
3,2
9,2
10,2
10,2
9,0
2,0
15,0
16,2
7,2
2,2
10,2
9,0
0,2
14,2
1,2
7,2
18,0
13,0
11,0
9,0
1,0
15,0
7,2
11,2
15,2
15,2
9,0
12,0
1,0
15,0
3,2
0,2
14,2
9,2
7,2
11,0
4,0
2,2
15,2
6,2
4,0
9,0
16,2
14,2
2,2
7,0
15,0
9,0
14,0
2,0
3,2
11,2
14,0
13,0
5,0
2,0
19,0
2,0
1,0
9,0
16,0
18,0
7,0
0,2
4,2
14,0
1,0
18,0
19,0
11,0
10,0
7,0
15,0
6,0
10,0
19,0
5,0
15,0
15,0
15,0
16,0
7,0
6,0
9,0
4,0
3,0
15,0
14,0
8,0
5,0
9,0
10,0
3,0
7,0
11,0
2,0
4,0
16,0
10,0
9,0
3,0
0,0
10,0
10,0
7,0
3,0
14,0
5,0
4,0
3,0
7,0
13,0
5,0
2,0
11,0
11,0
17,0
3,0
10,0
13,0
19,0
6,0
1,0
15,0
11,0
0,0
18,0
15,0
2,0
4,0
18,0
14,0
18,0
3,0
19,0
14,0
3,0
18,0
0,0
15,0
10,0
1,0
15,0
10,0
19,0
0,0
15,0
15,0
7,0
16,0
10,0
6,0
13,0
2,0
2,0
6,0
15,0
13,0
2,0
17,0
16,0
7,0
19,0
16,0
5,0
2,0
7,0
16,0
15,0
15,0
0,0
4,0
9,0
1,0
1,0
15,0
11,0
2,0
15,0
13,0
13,0
15,0
1,0
10,0
2,0
17,0
10,0
16,0
8,0
10,0
2,0
13,0
11,0
18,0
14,0
0,0
10,0
2,0
19,0
16,0
12,0
14,0
2,0
2,0
6,0
5,0
13,0
3,0
11,0
10,0
18,0
9,0
17,0
7,0
19,0
8,0
8,0
14,0
7,0
16,0
3,0
11,0
3,0
5,0
9,0
13,0
10,0
18,0
0,0
5,0
0,0
15,0
7,0
1,0
9,0
16,0
19,0
15,0
16,0
11,0
1,0
15,0
5,0
5,0
16,0
19,0
15,0
14,0
2,0
9,0
7,0
15,0
1,0
14,0
1,0
19,0
1,0
2,0
9,0
14,0
15,0
1,0
9,0
15,0
9,0
18,0
17,0
16,0
9,0
19,0
11,0
14,0
7,0
3,0
9,0
10,0
10,0
9,0
2,0
15,0
16,0
7,0
2,0
10,0
9,0
0,0
14,0
1,0
7,0
18,0
13,0
11,0
9,0
1,0
15,0
7,0
11,0
15,0
15,0
9,0
12,0
1,0
15,0
3,0
0,0
14,0
9,0
7,0
11,0
4,0
2,0
15,0
6,0
4,0
9,0
16,0
14,0
2,0
7,0
15,0
9,0
14,0
2,0
3,0
11,0
14,0
13,0
5,0
2,0
19,0
2,0
1,0
9,0
16,0
18,0
7,0
0,0
4,0
14,0
1,0
18,0
19,0
11,0
