10,0
15,0
14,0
5,0
18,0
2,0
17,0
19,0
0,0
4,0
7,0
9,0
10,0
6,0
7,0
7,0
10,0
11,0
0,1
0,1
7,1
19,1
10,1
6,1
6,1
7,1
5,1
18,1
2,1
1,1
6,1
10,1
0,0
6,0
0,0
9,0
0,0
0,0
11,2
7,2
6,1
7,1
13,1
17,1
16,1
16,1
5,1
13,1
14,1
5,1
9,1
7,1
3,0
17,0
2,1
6,1
3,1
5,1
0,1
0,0
0,1
10,1
0,1
3,1
1,1
0,1
5,1
16,1
4,1
7,1
10,1
19,1
11,1
0,1
3,1
16,1
5,1
18,1
2,1
17,1
19,1
0,0
4,0
7,2
9,2
10,0
6,0
7,0
7,0
10,0
11,0
0,0
0,0
7,0
19,0
10,0
6,0
6,0
7,0
5,0
18,0
2,0
1,0
6,0
10,0
0,0
6,0
0,0
9,0
0,0
0,0
11,0
7,0
6,0
7,0
13,0
17,0
16,0
16,0
5,0
13,0
14,0
5,0
9,0
7,0
3,0
17,0
2,0
6,0
3,0
5,0
0,0
0,0
0,0
10,0
0,0
3,0
1,0
0,0
5,0
16,0
4,0
7,0
10,0
19,0
11,0
0,0
3,0
16,0
10,0
15,0
14,0
5,0
18,0
2,0
17,0
19,0
0,0
4,0
7,0
9,0
10,0
6,0
7,0
7,0
10,0
11,0
0,0
0,0
7,0
19,0
10,0
6,0
6,0
7,0
5,0
18,0
2,0
1,0
6,0
10,0
0,0
6,0
0,0
9,0
0,0
0,0
11,0
7,0
6,0
7,0
13,0
17,0
16,0
16,0
5,0
13,0
14,0
5,0
9,0
7,0
3,0
17,0
2,0
6,0
3,0
5,0
0,0
0,0
0,0
10,0
0,0
3,0
1,0
0,0
5,0
16,0
4,0
7,0
10,0
19,0
11,0
0,0
3,0
16,0
18,0
2,0
17,0
19,0
0,0
4,0
7,0
9,0
10,0
6,0
7,0
7,0
10,0
11,0
0,0
0,0
7,0
19,0
10,0
6,0
6,0
7,0
5,0
18,0
2,0
1,0
6,0
10,0
0,0
6,0
0,0
9,0
0,0
0,0
11,0
7,0
6,0
7,0
13,0
17,0
16,0
16,0
5,0
13,0
14,0
5,0
9,0
7,0
3,0
17,0
2,0
6,0
3,0
5,0
0,0
0,0
0,0
10,0
0,0
3,0
1,0
0,0
5,0
16,0
4,0
7,0
10,0
19,0
11,0
0,0
3,0
