12,0
6,0
6,0
6,0
6,0
19,0
6,0
16,0
13,0
0,0
13,0
5,0
0,0
6,0
9,0
0,0
5,2
10,2
12,2
15,2
10,2
9,0
9,1
2,1
16,1
13,1
18,1
15,1
2,1
11,1
6,1
9,1
13,1
10,1
1,1
6,1
10,0
9,0
15,0
2,0
15,0
15,1
3,1
0,1
10,1
3,1
11,1
9,1
1,1
18,1
6,1
15,1
10,1
16,1
3,1
14,1
15,1
11,1
10,1
3,1
15,1
7,1
11,1
6,1
10,1
8,1
9,1
2,1
10,1
9,1
14,1
2,0
11,0
5,0
3,0
1,0
16,0
10,2
16,2
9,2
19,2
3,2
16,2
7,0
9,0
7,0
12,0
16,2
11,2
0,2
3,2
10,2
9,2
2,0
2,0
10,0
7,0
16,0
9,1
0,1
11,1
15,1
7,1
16,1
11,1
0,1
13,1
12,0
6,0
0,0
10,0
5,0
0,0
7,1
0,1
3,1
9,1
15,1
12,1
9,1
7,1
5,1
13,1
7,1
19,0
7,0
13,0
18,1
15,1
0,1
18,1
10,1
19,1
0,1
6,1
11,1
19,1
16,1
19,1
9,1
16,1
11,1
8,1
2,0
3,2
3,2
6,2
5,2
18,2
0,2
17,2
6,2
15,2
15,0
0,0
7,0
7,0
15,0
13,0
16,2
19,2
1,2
16,2
3,2
16,0
7,0
6,0
14,0
12,2
7,2
1,2
7,2
16,2
11,2
19,0
9,0
10,0
8,0
10,0
11,0
6,0
3,0
5,2
16,2
6,2
18,2
10,2
6,2
6,2
1,2
1,0
9,1
11,1
6,1
9,1
19,1
11,1
11,1
8,1
15,1
5,1
13,1
9,1
7,1
18,1
14,1
9,1
16,1
10,1
13,1
19,1
6,0
11,0
5,0
14,0
12,0
6,0
6,2
6,2
6,2
19,0
6,0
16,0
13,0
0,0
13,0
5,0
0,0
6,0
9,0
0,0
5,0
10,0
12,0
15,0
10,0
9,0
9,0
2,0
16,0
13,0
18,0
15,0
2,0
11,0
6,0
9,0
13,0
10,0
1,0
6,0
10,0
9,0
15,0
2,0
15,0
15,0
3,0
0,0
10,0
3,0
11,0
9,0
1,0
18,0
6,0
15,0
10,0
16,0
3,0
14,0
15,0
11,0
10,0
3,0
15,0
7,0
11,0
6,0
10,0
8,0
9,0
2,0
10,0
9,0
14,0
2,0
11,0
5,0
3,0
1,0
16,0
10,0
16,0
9,0
19,0
3,0
16,0
7,0
9,0
7,0
12,0
16,0
11,0
0,0
3,0
10,0
9,0
2,0
2,0
10,0
7,0
16,0
9,0
0,0
11,0
15,0
7,0
16,0
11,0
0,0
13,0
12,0
6,0
0,0
10,0
5,0
0,0
7,0
0,0
3,0
9,0
15,0
12,0
9,0
7,0
5,0
13,0
7,0
19,0
7,0
13,0
18,0
15,0
0,0
18,0
10,0
19,0
0,0
6,0
11,0
19,0
16,0
19,0
9,0
16,0
11,0
8,0
2,0
3,0
3,0
6,0
5,0
18,0
0,0
17,0
6,0
15,0
15,0
0,0
7,0
7,0
15,0
13,0
16,0
19,0
1,0
16,0
3,0
16,0
7,0
6,0
14,0
12,0
7,0
1,0
7,0
16,0
11,0
19,0
9,0
10,0
8,0
10,0
11,0
6,0
3,0
5,0
16,0
6,0
18,0
10,0
6,0
6,0
1,0
1,0
9,0
11,0
6,0
9,0
19,0
11,0
11,0
8,0
15,0
5,0
13,0
9,0
7,0
18,0
14,0
9,0
16,0
10,0
13,0
19,0
6,0
11,0
