19,0
10,0
6,0
2,2
1,2
1,1
0,1
1,1
8,1
3,1
18,1
6,1
9,2
10,2
6,2
16,2
18,2
6,2
0,2
7,2
9,2
0,2
10,2
11,0
7,0
16,0
6,0
19,1
11,1
15,1
10,1
1,1
0,1
7,1
11,1
19,0
3,0
13,2
16,2
7,0
15,0
13,0
0,0
1,2
13,2
6,2
3,2
7,2
6,0
10,0
18,2
10,2
6,2
2,2
10,2
18,0
9,0
0,2
14,2
19,0
3,0
14,0
1,0
1,0
11,0
1,0
11,0
10,0
10,0
10,0
8,0
11,0
8,0
6,0
10,0
1,2
1,2
10,2
10,2
7,0
11,1
19,1
6,1
5,1
11,1
7,1
10,1
16,1
10,1
19,0
14,0
10,0
11,0
9,0
18,0
13,0
2,2
6,2
1,2
7,2
18,2
0,2
11,2
19,2
10,2
10,2
7,0
10,0
0,0
1,0
7,0
11,2
