0,0
14,0
13,0
3,2
19,2
9,2
7,0
14,0
14,0
6,0
14,0
9,2
10,2
0,2
19,2
19,0
7,0
6,0
3,0
0,2
6,2
10,2
14,2
4,2
1,2
10,2
15,2
14,0
2,0
19,0
15,0
0,0
11,0
7,0
12,0
6,2
10,2
1,2
17,2
13,2
1,0
6,0
11,0
19,0
15,0
14,0
0,0
19,0
13,2
10,2
15,2
1,2
6,0
7,0
5,2
6,2
5,0
6,1
7,1
6,1
6,1
12,0
0,0
6,0
18,0
1,0
7,0
1,0
19,2
15,2
10,2
19,2
6,2
3,2
8,2
9,1
0,1
6,1
7,0
15,2
19,2
0,2
19,2
1,2
9,2
5,0
6,0
19,0
11,1
0,1
15,1
3,1
3,1
7,2
6,2
18,2
1,2
4,2
13,2
13,2
1,2
5,2
3,0
6,0
2,2
18,2
6,2
6,2
0,2
9,2
19,2
8,2
10,2
11,2
19,2
0,2
0,0
10,0
7,0
15,0
3,0
14,0
8,2
9,2
15,2
12,2
11,2
19,2
5,0
6,1
15,1
7,1
6,0
9,2
5,2
10,2
6,2
4,2
16,2
15,2
19,2
7,2
17,2
18,0
14,0
6,0
14,0
5,2
19,2
5,2
17,2
5,2
16,2
8,0
1,0
7,0
6,0
6,2
13,2
14,0
15,0
12,0
15,2
6,2
15,2
1,2
2,2
14,2
3,0
6,0
6,0
7,0
10,0
13,2
16,2
19,2
1,2
0,2
15,2
19,2
9,2
9,2
1,0
3,0
15,0
15,0
12,0
11,0
2,2
19,2
15,2
4,2
0,2
9,2
1,2
2,2
10,0
10,0
10,0
7,0
5,2
6,2
11,2
6,2
19,2
6,2
19,2
15,2
9,0
14,0
0,0
