1,0
16,0
10,0
7,0
6,0
5,0
17,1
11,1
6,1
11,1
10,1
2,1
0,1
12,1
7,1
11,1
6,1
6,1
13,1
13,1
15,1
18,1
1,1
11,1
6,1
0,1
9,1
10,1
6,1
19,0
3,0
1,0
16,2
6,2
0,2
1,0
1,1
19,1
7,1
7,1
8,0
14,0
19,0
15,0
1,0
7,0
16,0
0,0
11,0
10,0
1,0
17,0
10,0
19,0
6,0
1,0
1,1
13,1
19,1
5,1
14,1
9,1
7,1
11,1
19,1
19,1
3,1
10,1
7,0
4,0
7,0
1,0
7,0
7,0
17,2
15,2
18,2
18,2
0,2
0,2
16,0
12,0
11,0
2,0
19,1
5,1
6,1
19,1
1,1
7,1
18,1
16,1
11,0
7,0
7,0
14,0
7,2
8,2
6,2
6,2
14,2
12,2
10,2
12,0
5,0
15,0
18,0
7,0
17,0
2,0
9,0
19,0
16,0
12,0
11,0
15,0
7,0
19,0
3,0
19,1
13,1
18,1
11,0
14,2
15,2
6,2
9,2
15,0
3,0
16,0
10,1
10,1
4,1
3,1
9,1
7,0
6,0
15,0
15,0
14,0
15,0
0,2
6,2
9,2
6,2
6,0
5,0
1,0
16,0
10,0
1,0
9,0
10,1
6,1
12,1
19,1
15,1
3,1
17,1
10,1
15,1
1,1
7,1
14,1
11,1
6,1
13,1
4,1
9,1
11,1
9,1
10,1
4,1
14,0
18,0
12,0
14,0
11,2
19,2
9,2
6,2
11,2
10,2
6,0
15,0
10,0
5,0
1,1
1,1
13,1
7,1
7,1
7,1
10,1
19,1
1,1
19,1
14,1
10,1
15,1
1,1
2,1
15,1
2,0
8,2
6,2
12,2
18,0
17,0
19,0
15,0
7,0
0,0
15,0
7,0
2,0
9,0
19,0
8,2
0,2
19,2
2,2
12,0
16,0
15,0
5,0
19,0
10,1
9,1
7,1
1,1
12,1
3,1
11,1
11,1
9,1
17,1
11,1
7,1
14,1
11,1
18,1
6,1
6,0
3,0
19,0
2,0
10,0
7,0
15,0
7,0
16,0
1,2
0,2
19,2
7,0
1,0
16,0
10,0
7,0
6,0
5,0
17,0
11,0
6,0
11,0
10,0
2,0
0,0
12,0
7,0
11,0
6,0
6,0
13,0
13,0
15,0
18,0
1,0
11,0
6,0
0,0
9,0
10,0
6,0
19,0
3,0
1,0
16,0
6,0
0,0
8,0
14,0
19,0
15,0
1,0
7,0
16,0
0,0
11,0
10,0
1,0
17,0
10,0
19,0
6,0
1,0
1,0
13,0
19,0
5,0
14,0
9,0
7,0
11,0
19,0
19,0
3,0
10,0
7,0
4,0
7,0
1,0
7,0
7,0
17,0
15,0
18,0
18,0
0,0
0,0
16,0
12,0
11,0
2,0
19,0
5,0
6,0
19,0
1,0
7,0
18,0
16,0
11,0
7,0
7,0
14,0
7,0
8,0
6,0
6,0
14,0
12,0
10,0
12,0
5,0
15,0
18,0
7,0
17,0
2,0
9,0
19,0
16,0
12,0
11,0
15,0
7,0
19,0
3,0
19,0
13,0
18,0
11,0
14,0
15,0
6,0
9,0
15,0
3,0
16,0
10,0
10,0
4,0
3,0
9,0
7,0
6,0
15,0
15,0
14,0
15,0
0,0
6,0
9,0
6,0
6,0
5,0
1,0
16,0
10,0
1,0
9,0
10,0
6,0
12,0
19,0
15,0
3,0
17,0
10,0
15,0
1,0
7,0
14,0
11,0
6,0
13,0
4,0
9,0
11,0
9,0
10,0
4,0
14,0
18,0
12,0
14,0
11,0
19,0
9,0
6,0
11,0
10,0
6,0
15,0
10,0
5,0
1,0
1,0
13,0
7,0
7,0
7,0
10,0
19,0
1,0
19,0
14,0
10,0
15,0
1,0
2,0
15,0
2,0
8,0
6,0
12,0
18,0
17,0
19,0
15,0
7,0
0,0
15,0
7,0
2,0
9,0
19,0
8,0
0,0
19,0
2,0
12,0
16,0
15,0
5,0
19,0
10,0
9,0
7,0
1,0
12,0
3,0
11,0
11,0
9,0
17,0
11,0
7,0
14,0
11,0
18,0
6,0
6,0
3,0
19,0
2,0
10,0
7,0
15,0
7,0
16,0
1,0
0,0
19,0
