6,0
12,1
6,1
11,1
6,1
13,1
6,1
5,1
9,1
3,1
11,1
15,1
7,1
15,0
17,1
0,1
0,1
9,1
18,1
5,1
3,1
9,1
1,1
8,1
6,1
0,1
15,1
3,0
13,0
14,0
4,0
1,0
19,0
0,0
11,0
10,0
14,1
11,1
2,1
11,1
2,1
1,1
2,1
1,1
18,0
1,0
3,0
19,0
15,0
14,0
13,0
3,0
8,0
15,0
1,0
9,2
11,2
10,2
8,0
5,0
6,0
3,0
2,0
3,0
18,0
9,2
2,2
0,2
15,2
10,2
9,2
11,2
12,2
6,2
6,0
0,0
5,0
1,0
15,2
18,2
9,2
10,2
16,2
5,2
7,0
14,0
10,0
14,0
2,0
16,0
4,1
7,1
8,1
13,1
17,1
6,1
12,1
19,1
17,1
6,1
5,1
11,1
15,1
1,0
7,0
19,2
19,2
12,2
10,2
2,0
1,0
19,0
12,0
6,2
11,2
7,0
15,0
10,2
11,2
4,0
0,0
5,0
18,0
17,0
14,0
5,0
11,0
6,0
6,0
11,0
6,0
12,0
9,2
13,2
6,2
3,0
16,0
2,0
10,0
11,2
10,2
16,2
10,2
9,2
15,2
6,2
3,2
9,2
11,2
16,0
18,0
18,0
16,2
19,2
1,2
5,2
10,2
6,2
10,2
6,2
2,2
10,2
16,0
16,0
5,0
6,0
16,0
1,2
6,2
9,2
10,2
8,2
13,2
8,2
18,2
16,2
16,0
17,0
14,0
3,0
13,0
7,0
19,0
14,0
6,0
15,0
14,1
0,1
15,1
13,1
10,1
2,1
13,1
10,1
13,1
11,1
19,1
1,1
6,1
15,1
7,1
15,0
10,0
15,0
14,0
6,0
8,0
7,0
14,0
19,0
19,2
19,2
8,2
4,2
15,0
0,0
7,0
9,0
7,1
1,1
15,1
7,1
16,1
13,1
4,1
10,1
0,1
3,1
16,1
4,1
10,1
10,1
10,1
12,1
3,1
11,1
1,1
11,1
3,1
14,1
15,1
15,1
19,1
3,1
9,1
11,1
11,1
19,1
10,1
10,1
3,1
12,1
1,1
11,1
13,1
1,0
12,0
7,0
10,0
9,0
5,0
16,0
0,1
3,1
5,1
10,1
1,1
13,1
15,1
18,1
10,1
0,1
19,1
9,1
6,1
7,1
0,1
11,1
13,1
9,1
12,1
7,1
3,0
15,0
15,0
19,1
5,1
3,1
5,1
17,1
11,1
6,1
10,1
15,1
8,1
6,1
3,0
