7,0
15,0
8,0
12,0
10,0
6,0
16,0
6,0
3,0
19,0
19,0
1,0
0,0
1,0
3,0
0,0
8,0
10,0
1,0
15,0
9,0
10,0
3,0
16,0
19,0
14,0
3,0
0,0
16,0
19,0
19,0
15,0
0,0
16,0
3,0
7,0
16,0
9,0
19,0
15,0
13,0
2,0
0,0
0,0
0,0
19,0
1,0
5,0
13,0
7,0
18,0
0,0
6,0
6,0
6,0
19,0
9,0
7,0
5,0
2,0
10,0
1,0
9,0
10,0
12,0
14,0
6,0
14,0
18,0
1,0
8,0
6,0
8,0
3,0
7,0
18,0
10,0
5,0
1,0
18,0
12,0
0,0
16,0
7,0
6,0
11,0
1,0
9,0
9,0
7,0
9,0
3,0
1,0
19,0
19,0
15,0
7,0
5,0
1,0
11,0
3,0
7,0
15,0
16,0
13,0
14,0
12,0
11,0
10,0
0,0
19,0
7,0
6,0
12,0
1,0
15,0
7,0
7,0
6,0
1,0
13,0
13,0
16,1
7,1
13,1
9,1
1,1
3,1
10,1
16,1
