0,0
7,0
19,0
3,0
11,0
0,0
12,0
19,2
16,2
10,2
15,0
2,0
7,0
19,0
11,0
12,2
14,2
5,2
13,0
7,0
10,0
7,2
19,2
17,0
5,0
15,0
14,0
0,0
7,0
6,1
19,1
16,1
6,1
2,1
0,1
19,1
11,1
17,1
0,1
10,1
4,1
0,1
7,1
18,1
1,0
8,0
9,2
3,2
16,2
0,0
0,1
9,1
18,1
11,1
2,1
6,1
6,1
15,1
19,1
7,1
0,1
7,1
10,1
1,1
0,1
15,1
7,1
19,1
14,0
1,1
6,1
3,1
19,1
13,1
9,2
16,2
16,2
11,2
10,2
17,2
2,1
16,1
6,1
5,1
7,1
18,1
6,1
15,1
16,1
10,1
0,1
0,1
13,1
6,1
6,1
15,1
1,1
5,1
11,1
10,1
7,1
19,1
3,0
18,0
9,0
3,2
10,2
18,2
10,2
9,2
8,2
17,0
14,0
1,0
7,0
11,1
3,1
9,1
10,1
15,1
11,1
6,1
7,1
11,1
11,1
18,1
10,1
3,1
15,1
17,1
1,1
0,1
13,1
6,1
5,1
10,1
18,1
11,1
6,1
11,1
11,0
19,0
1,2
0,2
9,2
7,2
19,2
15,2
2,2
13,0
8,0
9,1
8,1
8,1
10,1
6,1
3,1
19,1
10,1
0,1
12,1
4,0
16,0
19,0
16,0
14,0
12,0
19,0
2,2
5,2
19,2
6,2
10,2
8,0
14,0
10,0
2,0
2,0
5,0
0,1
3,1
10,1
1,1
0,1
13,1
4,1
3,1
0,1
11,1
5,1
9,0
11,0
19,2
6,2
0,2
17,2
15,2
14,0
10,0
7,1
5,1
7,1
11,1
10,1
10,0
15,0
2,0
14,1
9,1
10,1
15,1
0,1
9,1
7,1
0,1
11,1
18,1
2,1
11,0
16,0
0,1
0,1
5,1
19,1
9,1
10,1
1,1
17,1
2,1
9,1
5,1
11,1
2,1
10,0
9,0
16,2
9,2
14,0
11,0
15,0
19,0
8,0
1,1
6,1
1,1
9,1
6,1
6,1
2,1
0,1
3,1
9,1
13,0
3,0
13,0
6,0
10,0
7,0
0,1
6,1
3,1
19,1
12,1
15,1
9,1
3,1
0,1
10,1
2,0
16,0
2,0
15,0
1,0
18,0
7,0
14,0
3,0
14,0
3,0
6,0
0,0
5,0
13,0
7,0
19,0
3,0
11,0
0,0
12,0
19,0
16,0
10,0
15,0
2,0
7,0
19,0
11,0
12,0
14,0
5,0
13,0
7,0
10,0
7,0
19,0
17,0
5,0
15,0
14,0
0,0
7,0
6,0
19,0
16,0
6,0
2,0
0,0
19,0
11,0
17,0
0,0
10,0
4,0
0,0
7,0
18,0
1,0
8,0
9,0
3,0
16,0
0,0
0,0
9,0
18,0
11,0
2,0
6,0
6,0
15,0
19,0
7,0
0,0
7,0
10,0
1,0
0,0
15,0
7,0
19,0
14,0
1,0
6,0
3,0
19,0
13,0
9,0
16,0
16,0
11,0
10,0
17,0
2,0
16,0
6,0
5,0
7,0
18,0
6,0
15,0
16,0
10,0
0,0
0,0
13,0
6,0
6,0
15,0
1,0
5,0
11,0
10,0
7,0
19,0
3,0
18,0
9,0
3,0
10,0
18,0
10,0
9,0
8,0
17,0
14,0
1,0
7,0
11,0
3,0
9,0
10,0
15,0
11,0
6,0
7,0
11,0
11,0
18,0
10,0
3,0
15,0
17,0
1,0
0,0
13,0
6,0
5,0
10,0
18,0
11,0
6,0
11,0
11,0
19,0
1,0
0,0
9,0
7,0
19,0
15,0
2,0
13,0
8,0
9,0
8,0
8,0
10,0
6,0
3,0
19,0
10,0
0,0
12,0
4,0
16,0
19,0
16,0
14,0
12,0
19,0
2,0
5,0
19,0
6,0
10,0
8,0
14,0
10,0
2,0
2,0
5,0
0,0
3,0
10,0
1,0
0,0
13,0
4,0
3,0
0,0
11,0
5,0
9,0
11,0
19,0
6,0
0,0
17,0
15,0
14,0
10,0
7,0
5,0
7,0
11,0
10,0
10,0
15,0
2,0
14,0
9,0
10,0
15,0
0,0
9,0
7,0
0,0
11,0
18,0
2,0
11,0
16,0
0,0
0,0
5,0
19,0
9,0
10,0
1,0
17,0
2,0
9,0
5,0
11,0
2,0
10,0
9,0
16,0
9,0
14,0
11,0
15,0
19,0
8,0
1,0
6,0
1,0
9,0
6,0
6,0
2,0
0,0
3,0
9,0
13,0
3,0
13,0
6,0
10,0
7,0
0,0
6,0
3,0
19,0
12,0
15,0
9,0
3,0
0,0
10,0
2,0
16,0
2,0
15,0
1,0
18,0
7,0
14,0
3,0
14,0
3,0
6,0
0,0
5,0
13,0
