7,0
11,2
9,2
0,0
16,0
11,0
18,0
8,0
7,0
3,0
9,2
6,2
9,0
8,1
6,1
11,1
3,1
9,1
19,2
1,2
13,0
6,0
5,0
7,0
9,0
14,0
7,0
13,0
10,0
6,0
6,0
11,0
5,2
13,2
19,2
10,2
10,2
5,2
10,0
6,0
3,0
16,0
14,0
13,0
9,2
9,2
10,2
5,2
15,2
19,0
2,0
16,0
14,0
0,0
10,0
7,2
13,2
19,2
10,2
9,2
6,1
14,1
13,1
15,1
18,1
13,0
14,0
16,0
18,0
6,0
9,0
3,0
10,0
3,1
3,1
2,1
16,1
10,1
6,1
5,1
10,1
5,0
9,0
16,0
7,0
6,0
5,0
3,0
19,2
0,2
10,2
18,2
19,2
9,2
10,2
16,2
19,0
0,0
13,0
3,0
3,0
16,0
16,0
0,0
2,2
10,2
5,0
0,0
14,0
9,0
19,0
9,2
2,2
19,2
8,2
11,0
1,0
10,0
7,0
11,2
5,2
19,2
9,2
10,0
16,0
2,0
16,0
2,0
18,0
11,0
16,0
11,0
8,0
1,0
10,2
13,2
14,0
6,0
11,0
19,0
