2,1
10,1
9,1
5,1
13,1
11,1
2,1
12,1
9,1
5,1
4,1
0,1
7,1
16,0
1,0
9,0
17,0
16,1
0,1
18,1
19,1
0,1
18,1
7,0
4,0
18,0
4,0
7,0
11,0
7,0
7,0
15,0
7,0
16,0
14,0
19,0
3,0
6,0
10,1
3,1
1,1
4,1
4,1
18,1
16,1
8,1
3,1
8,1
4,1
18,1
2,1
6,1
0,1
6,1
11,1
9,1
14,0
7,0
4,0
2,0
14,0
2,0
9,0
11,0
16,0
18,0
15,0
18,0
16,0
4,2
16,2
5,2
14,2
2,0
10,0
16,2
4,2
16,2
3,2
15,0
0,0
3,0
16,0
4,1
0,1
5,1
13,1
10,1
4,1
6,1
4,1
3,1
1,1
16,1
0,1
0,1
9,1
4,1
13,1
0,1
15,1
0,1
14,1
18,1
2,0
15,0
2,1
2,1
9,1
12,1
10,0
15,0
15,0
16,0
15,0
4,0
5,0
