7,0
14,0
1,0
11,0
9,0
16,0
9,0
0,0
10,0
10,0
7,0
10,0
3,0
2,0
0,0
7,0
11,0
16,2
16,2
10,2
10,2
2,2
15,2
9,2
5,2
7,2
6,0
3,0
1,0
3,0
16,1
16,1
14,1
16,1
13,1
7,1
13,1
2,1
15,1
16,1
16,0
10,0
2,0
6,0
7,0
11,0
18,0
11,0
9,0
6,0
19,0
13,2
3,2
10,2
7,2
7,2
7,2
11,2
2,2
9,2
1,0
7,0
19,2
17,2
11,2
11,2
18,2
10,2
0,2
6,2
19,0
8,0
0,0
9,0
19,1
18,1
19,1
19,1
3,1
0,1
0,1
3,1
14,1
7,1
1,1
13,1
6,1
6,0
15,2
11,2
12,2
16,2
12,2
0,2
6,2
19,0
10,0
6,1
2,1
5,1
13,1
12,1
1,1
3,1
11,1
14,1
9,1
4,1
9,1
13,1
0,1
2,1
11,1
5,1
3,1
10,1
14,1
16,1
0,1
0,0
14,0
0,0
0,2
6,2
19,2
19,2
11,2
7,2
10,0
7,0
10,0
0,0
16,0
4,0
1,0
2,0
15,1
8,1
2,1
19,1
13,1
14,1
4,1
16,1
0,1
11,1
12,1
14,1
0,1
7,1
5,0
3,0
19,0
3,2
8,2
1,2
10,2
1,2
3,0
7,0
10,0
11,0
17,0
10,0
19,0
7,0
16,0
19,0
3,0
1,1
6,1
13,1
7,1
1,1
10,1
3,1
14,1
1,1
19,1
5,1
16,1
6,1
0,1
6,1
6,1
19,1
1,1
5,1
6,1
6,1
0,1
1,1
11,1
11,1
11,1
1,1
11,1
9,1
16,1
9,1
0,1
10,1
10,1
7,1
10,1
3,1
2,1
0,1
7,1
11,1
16,1
16,1
10,1
10,0
2,0
15,0
9,0
5,0
7,0
6,0
19,0
3,0
1,0
3,0
16,0
16,0
14,0
16,0
13,0
7,0
13,0
2,0
15,0
16,0
16,0
10,0
2,0
6,0
7,0
11,0
18,0
11,0
9,0
6,0
19,0
13,0
3,0
10,0
7,0
7,0
7,0
11,0
2,0
9,0
1,0
7,0
19,0
17,0
11,0
11,0
18,0
10,0
0,0
6,0
19,0
8,0
0,0
9,0
19,0
18,0
19,0
19,0
3,0
0,0
0,0
3,0
14,0
7,0
1,0
13,0
6,0
6,0
15,0
11,0
12,0
16,0
12,0
0,0
6,0
19,0
10,0
6,0
2,0
5,0
13,0
12,0
1,0
3,0
11,0
14,0
9,0
4,0
9,0
13,0
0,0
2,0
11,0
5,0
3,0
10,0
14,0
16,0
0,0
0,0
14,0
0,0
0,0
6,0
19,0
19,0
11,0
7,0
10,0
7,0
10,0
0,0
16,0
4,0
1,0
2,0
15,0
8,0
2,0
19,0
13,0
14,0
4,0
16,0
0,0
11,0
12,0
14,0
0,0
7,0
5,0
3,0
19,0
3,0
8,0
1,0
10,0
1,0
3,0
7,0
10,0
11,0
17,0
10,0
19,0
7,0
16,0
19,0
3,0
1,0
6,0
13,0
7,0
1,0
10,0
3,0
14,0
1,0
19,0
5,0
16,0
6,0
0,0
6,0
6,0
19,0
1,0
5,0
6,0
6,0
0,0
1,0
11,0
11,0
11,0
6,0
1,0
7,0
14,0
1,0
11,0
9,0
16,0
9,0
0,0
10,0
10,0
7,0
10,0
3,0
2,0
0,0
7,0
11,0
16,0
16,0
10,0
10,0
2,0
15,0
9,0
5,0
7,0
6,0
1,0
3,0
16,0
16,0
14,0
16,0
13,0
7,0
13,0
2,0
15,0
16,0
16,0
10,0
2,0
6,0
7,0
11,0
18,0
11,0
9,0
6,0
19,0
13,0
3,0
10,0
7,0
7,0
7,0
11,0
2,0
9,0
1,0
7,0
19,0
17,0
11,0
11,0
18,0
10,0
0,0
6,0
19,0
8,0
0,0
9,0
19,0
18,0
19,0
19,0
3,0
0,0
0,0
3,0
14,0
7,0
1,0
13,0
6,0
6,0
15,0
11,0
12,0
16,0
12,0
0,0
6,0
19,0
10,0
6,0
2,0
5,0
13,0
12,0
1,0
3,0
11,0
14,0
9,0
4,0
9,0
13,0
0,0
2,0
11,0
5,0
3,0
10,0
14,0
16,0
0,0
0,0
14,0
0,0
0,0
6,0
19,0
19,0
11,0
7,0
10,0
7,0
10,0
0,0
16,0
4,0
1,0
2,0
15,0
8,0
2,0
19,0
13,0
14,0
4,0
16,0
0,0
11,0
12,0
14,0
0,0
7,0
5,0
3,0
19,0
3,0
8,0
1,0
10,0
1,0
3,0
7,0
10,0
11,0
17,0
10,0
19,0
7,0
16,0
19,0
3,0
1,0
6,0
13,0
7,0
1,0
10,0
3,0
14,0
1,0
19,0
5,0
16,0
6,0
0,0
6,0
6,0
19,0
1,0
5,0
6,0
6,0
0,0
1,0
