15,0
0,1
11,1
3,1
6,1
1,1
0,1
1,1
6,1
9,1
10,1
1,1
7,1
13,1
11,2
10,2
2,2
17,2
12,2
2,2
10,2
1,2
3,2
0,2
6,0
16,0
7,0
11,0
9,0
10,2
17,2
5,2
7,2
16,2
6,0
3,0
10,0
15,0
19,0
14,0
7,0
19,0
6,0
8,2
6,2
0,2
1,2
19,2
14,2
11,2
11,0
9,1
10,1
11,1
4,1
11,1
0,0
19,2
15,2
1,2
6,2
10,2
2,2
13,2
15,2
15,2
16,2
6,0
5,0
12,0
6,2
11,2
13,2
1,2
10,2
6,2
5,2
11,2
19,2
18,2
13,2
11,2
7,0
5,0
4,2
10,2
6,2
6,2
17,2
13,2
13,2
6,2
13,2
7,2
13,2
19,2
9,2
14,0
2,0
15,0
16,2
2,2
16,2
17,2
5,2
15,2
10,2
9,2
6,2
0,2
0,0
14,0
6,0
15,0
5,0
12,0
12,0
14,0
0,1
15,1
19,1
10,1
16,1
7,1
2,0
19,0
9,2
9,2
6,2
16,2
11,2
13,2
13,2
3,2
3,2
3,0
10,0
10,2
19,2
15,2
16,2
15,2
1,2
19,2
1,2
10,2
13,2
18,2
19,2
