1,0
19,0
10,0
3,0
19,0
6,0
19,0
18,0
15,0
15,0
1,0
15,0
11,0
19,0
18,0
19,0
0,0
19,0
3,0
7,0
16,0
16,0
19,0
10,0
6,0
3,0
6,0
0,0
1,0
6,0
5,0
7,0
1,0
7,0
9,0
8,0
19,0
9,0
19,0
10,0
2,0
5,0
0,0
16,0
7,0
8,0
19,0
12,0
0,0
11,0
1,0
19,0
13,0
3,0
16,0
18,0
15,0
14,0
8,0
6,0
3,0
6,0
0,0
12,0
19,0
10,0
13,0
10,0
2,0
12,0
19,0
0,0
14,0
7,0
1,0
19,0
10,0
9,0
4,0
16,0
19,0
11,0
3,0
6,0
7,0
15,0
13,0
8,0
10,0
11,0
3,0
16,0
0,0
11,0
0,0
10,0
10,0
1,2
15,2
10,2
7,2
15,2
5,2
0,2
7,2
14,0
0,0
10,0
7,0
17,2
1,2
3,2
16,2
17,2
0,0
13,0
19,2
7,2
1,2
11,2
7,2
7,2
14,0
19,0
13,0
7,0
6,0
11,0
8,0
15,2
11,2
15,2
14,2
0,2
10,2
15,2
15,0
17,0
7,0
3,0
14,0
19,0
10,2
10,2
11,2
16,2
3,2
19,2
14,2
10,0
15,0
15,0
0,0
19,0
10,1
3,1
19,1
6,1
19,1
18,1
15,1
15,1
1,1
15,1
11,1
19,1
18,1
19,0
0,0
19,0
3,0
7,2
16,2
16,2
19,2
10,2
6,2
3,2
6,0
0,0
1,0
6,0
5,0
7,0
1,0
7,1
9,1
8,1
19,1
9,1
19,1
10,1
2,1
5,1
0,1
16,1
7,0
8,0
19,0
12,1
0,1
11,1
1,1
19,1
13,0
3,0
16,0
18,0
15,2
14,2
8,2
6,2
3,2
6,2
0,2
12,0
19,0
10,0
13,0
10,2
2,2
12,2
19,2
0,2
14,2
7,2
1,0
19,0
10,0
9,0
4,0
16,0
19,0
11,0
3,0
6,0
7,0
15,2
13,2
8,2
10,2
11,2
3,2
16,2
0,2
11,0
0,0
10,0
10,0
1,0
15,0
10,0
7,0
15,0
5,0
0,0
7,0
14,0
0,0
10,0
7,0
17,0
1,0
3,0
16,0
17,0
0,0
13,0
19,0
7,0
1,0
11,0
7,0
7,0
14,0
19,0
13,0
7,0
6,0
11,0
8,0
15,0
11,0
15,0
14,0
0,0
10,0
15,0
15,0
17,0
7,0
3,0
14,0
19,0
10,0
10,0
11,0
16,0
3,0
19,0
14,0
10,0
15,0
15,0
