3,0
19,0
3,0
6,0
4,0
15,0
10,0
7,0
0,0
2,0
14,0
4,0
6,0
8,0
0,0
7,0
11,0
4,0
9,0
2,0
16,0
10,0
7,0
15,0
13,0
6,0
4,0
5,0
4,0
10,0
5,0
7,0
18,0
16,0
7,0
14,0
1,0
4,0
6,0
9,0
3,0
19,0
2,0
6,0
4,0
19,0
15,0
2,0
14,0
4,0
5,0
2,0
3,0
0,0
16,0
4,0
10,0
3,0
5,0
9,0
7,0
6,0
13,0
5,0
4,0
9,0
4,0
12,0
14,0
7,0
18,0
6,0
7,0
19,0
8,0
4,0
6,0
19,0
2,0
16,0
3,0
6,0
4,0
0,0
15,0
15,0
14,0
4,0
10,0
8,0
2,0
7,0
1,0
4,0
10,0
3,0
11,0
9,0
2,0
6,0
13,0
5,0
4,0
6,0
4,0
14,0
16,0
7,0
13,0
16,0
7,0
8,0
10,0
4,0
5,0
19,0
3,0
10,0
8,0
8,0
9,0
10,0
