19,0
2,0
14,0
16,0
19,2
13,2
13,2
3,2
9,2
0,2
19,2
3,2
7,0
6,0
14,2
10,2
7,2
1,2
19,2
15,2
13,2
6,2
10,2
13,2
0,0
3,0
11,0
19,0
14,1
11,1
16,1
0,1
6,1
2,1
13,1
1,1
0,1
10,1
15,1
16,1
7,1
6,1
11,0
7,0
13,0
7,0
18,0
11,0
7,0
15,0
4,0
13,2
8,2
1,2
9,2
9,2
14,2
7,0
13,0
12,0
4,2
5,2
7,2
7,2
3,0
13,0
16,0
1,0
8,0
2,0
7,0
16,0
7,0
7,0
11,0
15,0
9,0
18,0
7,0
6,0
11,0
13,0
6,0
3,0
6,0
2,0
13,0
9,0
10,0
11,0
8,0
16,0
7,0
14,0
7,0
9,0
10,2
15,2
12,2
0,2
2,0
0,0
7,0
14,0
2,0
16,0
2,0
7,0
15,0
5,0
13,0
13,2
9,2
4,2
16,2
0,0
11,0
16,0
6,1
17,1
10,1
3,1
7,1
11,0
8,0
19,0
19,0
13,2
7,2
11,2
19,2
11,2
6,2
7,2
12,1
2,1
9,1
19,1
6,1
0,1
12,1
6,1
1,1
13,1
7,0
15,0
1,0
2,0
7,0
11,0
16,0
15,0
11,0
11,0
9,0
16,2
9,2
0,2
3,2
4,2
7,2
5,2
10,2
