12,0
9,0
11,0
10,2
9,2
19,2
7,2
10,0
7,0
2,0
14,0
7,1
0,1
6,1
18,1
16,1
0,0
16,1
1,1
8,1
2,1
0,1
7,1
13,1
17,1
10,1
19,1
3,1
5,1
10,1
0,1
1,1
6,1
0,1
7,1
0,0
16,0
10,0
1,2
3,2
6,2
1,1
1,1
13,1
8,0
7,2
13,2
18,2
0,2
11,2
0,2
1,2
10,2
18,0
7,0
6,2
6,2
19,2
8,2
10,2
10,2
6,2
14,2
5,0
16,0
18,1
12,1
2,1
1,1
15,1
7,1
5,1
15,1
19,1
19,1
0,1
10,1
0,1
8,1
13,1
13,1
11,1
9,0
10,1
14,1
2,1
6,0
9,2
10,2
19,2
0,2
8,2
3,2
6,2
10,0
3,0
10,0
14,0
14,0
7,0
0,0
19,2
11,2
10,2
11,2
10,2
7,0
7,0
7,0
15,0
7,0
7,0
8,1
2,1
7,1
10,1
11,1
3,1
9,1
15,1
0,1
8,1
10,1
15,1
15,0
5,0
5,0
18,0
17,2
1,2
10,2
1,2
9,2
7,2
9,0
7,0
8,0
14,0
1,0
3,0
12,0
9,0
14,0
3,0
19,0
0,0
2,0
13,0
19,0
10,0
11,0
14,0
14,0
1,1
11,1
6,1
6,1
5,1
3,0
19,0
9,0
3,0
0,1
0,1
9,1
6,1
1,1
0,1
10,1
0,1
19,1
12,1
14,1
0,1
19,1
19,1
11,1
7,1
6,1
16,1
6,1
1,1
0,1
12,1
12,1
5,1
10,0
