8,0
7,0
8,0
8,0
15,0
8,0
7,0
11,0
14,0
10,0
16,1
6,1
19,1
6,1
5,1
11,1
0,1
0,1
2,1
7,0
19,0
13,0
3,1
3,1
0,1
2,1
19,1
5,0
2,0
1,0
16,1
10,1
15,1
3,1
17,1
3,1
7,2
19,2
17,2
5,2
15,2
19,1
18,1
14,1
10,1
10,1
5,1
15,1
7,0
11,0
10,1
3,1
14,1
19,1
13,1
5,1
11,1
11,1
0,1
3,1
0,1
3,1
11,0
16,0
11,0
16,1
13,1
0,1
6,1
9,1
11,1
3,1
18,1
18,1
8,1
11,1
7,1
18,1
0,1
16,0
3,0
9,2
6,2
12,2
9,2
7,2
9,2
6,2
3,0
7,0
9,2
19,2
6,2
13,2
8,2
1,2
2,0
2,0
6,0
16,2
16,2
15,2
4,2
11,2
18,0
3,2
18,2
3,2
7,2
18,2
11,2
9,2
10,2
16,2
18,0
11,0
15,0
7,0
11,0
11,2
7,2
19,2
1,2
18,2
10,2
13,2
6,2
4,0
11,0
3,0
14,0
6,0
15,0
11,0
0,0
14,0
11,0
18,2
9,2
5,2
13,2
15,2
3,0
8,0
9,0
9,0
0,0
14,0
1,0
11,0
15,0
15,0
8,0
13,2
8,2
9,2
13,2
12,2
7,2
2,0
3,0
15,1
5,1
5,1
15,1
10,1
10,1
2,1
6,0
12,0
6,0
2,0
17,0
14,0
16,2
18,2
18,2
14,2
18,0
5,0
10,0
15,1
15,1
6,1
6,1
19,1
19,1
6,1
6,1
12,1
12,1
15,1
8,0
