7,0
18,0
5,0
13,0
3,0
11,0
7,0
18,0
9,0
15,0
14,0
18,0
13,0
19,0
16,0
2,0
14,0
6,0
16,0
12,0
6,0
0,0
19,0
10,0
6,0
3,0
0,0
13,0
9,0
10,0
9,0
19,0
6,0
11,0
11,0
19,0
15,0
2,0
19,0
1,0
6,0
10,0
10,0
14,0
9,0
10,0
6,0
5,0
19,0
0,0
5,0
16,0
7,0
11,0
14,0
10,0
10,0
9,0
9,0
0,0
6,0
3,0
19,0
6,0
7,0
6,0
0,0
10,0
0,0
16,0
10,0
19,0
19,0
2,0
11,0
10,0
1,0
7,0
16,0
10,0
15,0
19,0
0,0
0,0
19,0
11,0
0,0
14,0
7,0
13,0
7,0
3,0
1,0
1,0
11,0
6,0
12,0
10,0
11,0
3,0
9,0
0,0
0,0
19,0
16,0
7,0
7,0
16,0
19,0
9,0
15,0
6,0
6,0
10,0
7,0
13,0
11,0
10,0
6,0
2,0
0,0
16,0
10,0
15,0
12,0
10,0
7,0
1,0
0,0
6,0
1,0
19,0
1,0
9,0
16,0
11,0
3,0
6,0
16,0
16,0
9,0
19,0
7,0
7,0
11,0
