0,0
5,0
15,0
19,0
14,1
17,1
7,1
9,1
15,1
1,1
19,1
5,1
0,1
14,1
0,1
0,1
8,1
2,1
1,1
7,0
10,0
16,0
7,0
15,0
7,0
19,0
11,2
19,2
0,2
19,2
10,2
3,2
16,0
7,0
9,0
15,0
16,0
8,0
14,0
3,0
10,0
2,0
9,0
1,2
7,2
7,2
0,2
15,2
13,2
19,0
14,0
7,0
6,0
14,0
15,0
16,0
5,0
3,0
7,0
2,0
7,0
8,0
7,1
16,1
8,1
19,1
0,1
7,1
16,1
9,1
0,1
0,1
10,1
2,1
2,0
15,0
9,0
7,0
19,0
10,0
7,0
19,0
0,0
14,0
2,0
0,0
6,0
10,0
18,2
0,2
19,2
11,2
19,2
10,2
7,0
0,0
15,0
7,0
7,0
7,0
15,0
2,0
15,1
15,1
9,1
0,1
5,1
7,1
10,1
6,1
17,1
0,1
7,1
2,1
2,1
7,1
12,1
8,0
19,0
0,0
2,2
10,2
15,2
10,2
7,0
15,0
14,0
15,0
14,0
15,0
0,0
16,1
10,1
6,1
5,1
0,1
19,1
2,1
15,1
0,1
16,1
15,1
1,1
7,1
19,1
10,1
19,0
19,2
0,2
0,2
15,2
7,2
2,0
15,0
7,0
0,0
7,0
15,0
9,0
15,0
18,0
14,0
0,0
1,0
18,0
0,0
2,0
0,0
12,0
0,0
19,0
7,0
0,0
16,2
3,2
5,2
2,2
2,2
2,2
1,2
0,0
15,0
13,0
15,0
5,0
18,0
7,0
0,0
7,0
10,0
3,0
9,0
19,0
0,0
14,0
7,0
19,0
2,2
19,2
5,2
15,2
16,0
18,0
14,0
7,2
15,2
16,2
18,2
0,2
15,0
10,0
2,0
7,2
16,2
15,2
12,2
0,2
16,0
14,1
8,1
19,1
0,1
7,1
0,1
0,1
0,1
10,1
19,1
11,1
5,1
11,1
2,1
14,1
15,1
17,1
15,1
2,1
19,1
5,0
9,0
1,0
2,1
8,1
10,1
11,1
2,1
16,1
0,1
16,1
15,1
10,1
7,1
15,1
16,1
2,0
10,0
18,0
7,0
15,1
7,1
10,1
19,1
2,1
0,1
6,0
0,0
0,0
16,0
1,1
