12,0
5,2
9,2
13,2
19,2
11,2
16,0
10,0
16,0
7,0
11,0
16,2
9,2
16,2
10,2
19,2
19,0
6,0
14,0
15,0
3,0
16,1
9,1
6,1
2,1
19,1
11,1
0,1
11,1
9,1
5,1
3,1
11,1
6,1
7,1
9,0
14,1
14,1
3,1
5,1
5,1
1,2
10,2
9,2
13,2
0,0
7,0
11,2
5,2
10,0
6,0
3,0
7,0
1,0
16,0
10,1
15,1
3,1
18,1
2,1
9,0
5,0
11,0
6,0
15,0
16,2
10,2
8,2
10,2
19,2
10,2
12,0
5,0
9,0
13,0
19,0
11,0
16,0
10,0
16,0
7,0
11,0
16,0
9,0
16,0
10,0
19,0
19,0
6,0
14,0
15,0
3,0
16,0
9,0
6,0
2,0
19,0
11,0
0,0
11,0
9,0
5,0
3,0
11,0
6,0
7,0
9,0
14,0
14,0
3,0
5,0
5,0
1,0
10,0
9,0
13,0
0,0
7,0
11,0
5,0
10,0
6,0
3,0
7,0
1,0
16,0
10,0
15,0
3,0
18,0
2,0
9,0
5,0
11,0
6,0
15,0
16,0
10,0
8,0
10,0
19,0
10,0
12,0
5,0
9,0
13,0
19,0
11,0
16,0
10,0
16,0
7,0
11,0
16,0
9,0
16,0
10,0
19,0
19,0
6,0
14,0
15,0
3,0
16,0
9,0
6,0
2,0
19,0
11,0
0,0
11,0
9,0
5,0
3,0
11,0
6,0
7,0
9,0
14,0
14,0
3,0
5,0
5,0
1,0
10,0
9,0
13,0
0,0
7,0
11,0
5,0
10,0
6,0
3,0
7,0
1,0
16,0
10,0
15,0
3,0
18,0
2,0
9,0
5,0
11,0
6,0
15,0
16,0
10,0
8,0
10,0
19,0
10,0
1,0
