12,0
17,2
19,2
18,2
1,2
10,2
11,2
7,2
16,2
10,2
6,2
0,2
10,1
3,1
14,1
9,1
10,1
14,1
7,1
10,1
13,1
3,1
7,1
7,1
0,1
1,1
7,1
10,1
17,1
6,2
1,2
6,0
7,1
6,1
19,1
17,1
0,1
13,1
13,1
14,1
0,1
14,1
19,1
3,1
10,1
14,1
18,1
6,1
7,1
19,2
17,2
6,2
6,2
19,2
7,2
3,2
6,2
17,2
12,2
11,2
11,0
19,0
19,0
0,0
19,2
19,2
11,2
10,2
5,2
10,0
14,0
0,0
7,0
11,0
0,0
16,0
14,0
0,0
14,0
14,0
19,0
7,0
14,0
0,0
10,0
7,0
5,0
8,0
7,0
0,0
2,0
9,0
12,0
6,0
13,0
19,0
11,0
0,0
13,0
2,0
0,0
0,0
16,0
0,0
2,0
12,0
7,0
3,0
0,0
9,0
19,0
14,0
19,0
6,0
9,0
16,0
9,0
18,0
0,0
3,0
1,0
15,0
13,0
16,0
13,0
19,0
16,0
11,0
16,0
14,0
11,0
19,0
19,0
0,0
19,0
19,0
11,0
10,0
5,0
10,0
14,0
0,0
7,0
11,0
0,0
16,0
14,0
0,0
14,0
14,0
19,0
7,0
14,0
0,0
10,0
7,0
5,0
8,0
7,0
0,0
2,0
9,0
12,0
6,0
13,0
19,0
11,0
0,0
13,0
2,0
0,0
0,0
16,0
0,0
2,0
12,0
7,0
3,0
0,0
9,0
19,0
14,0
19,0
6,0
9,0
16,0
9,0
18,0
0,0
3,0
1,0
15,0
13,0
16,0
13,0
19,0
16,0
11,0
