12,0
9,2
15,2
10,2
9,2
0,2
0,2
10,2
0,1
19,1
3,1
1,1
19,1
9,0
7,0
12,0
6,0
2,0
0,0
12,0
14,0
17,0
2,0
10,1
14,1
0,1
3,1
10,1
0,1
17,1
13,1
11,1
1,1
2,1
16,1
10,1
2,0
11,0
14,0
19,2
9,2
12,2
7,2
1,1
8,1
16,1
17,1
6,1
15,1
9,1
7,1
1,0
14,0
10,0
14,0
7,0
1,0
11,0
2,2
9,2
9,2
10,2
15,0
15,0
5,0
14,0
7,0
16,0
3,0
3,0
1,0
19,0
16,2
17,2
19,2
11,0
15,1
19,1
3,1
6,1
0,1
9,1
0,1
0,1
4,1
7,0
3,0
19,0
14,0
6,0
9,2
12,2
19,2
9,0
7,0
7,1
7,1
1,1
19,1
18,1
6,1
5,1
13,1
10,1
14,1
11,1
0,1
5,0
11,2
10,2
18,2
10,2
16,2
8,2
9,2
3,0
0,0
6,0
19,0
6,0
7,0
3,0
16,0
8,0
13,0
14,0
3,0
18,0
6,1
14,1
3,1
3,0
17,2
6,2
15,2
19,2
13,2
15,2
6,2
13,2
8,2
3,0
0,0
3,0
0,0
5,0
2,0
15,0
8,0
15,0
18,2
4,2
13,2
6,2
9,2
10,2
6,2
1,2
1,0
