16,0
14,0
10,0
19,0
8,0
19,0
0,0
15,0
19,0
6,0
11,0
7,0
1,0
15,0
18,1
6,1
3,1
13,1
5,1
11,1
19,1
18,1
2,1
0,1
9,1
0,1
10,1
11,1
10,1
1,1
6,1
3,1
3,1
6,0
18,0
3,0
2,0
18,0
9,0
7,0
18,0
7,1
14,1
19,1
10,1
19,1
1,1
10,1
0,1
17,1
8,1
16,1
15,1
7,1
16,0
17,0
3,0
11,0
8,0
3,0
2,0
16,0
7,0
7,0
15,0
18,0
7,0
7,0
16,0
18,0
1,0
13,0
11,1
11,1
6,1
13,1
2,1
3,1
14,0
15,0
2,0
0,0
7,0
10,1
5,1
2,1
7,1
13,1
11,1
13,1
10,1
6,1
14,1
9,1
8,1
11,1
6,1
13,1
14,1
17,0
9,0
15,0
15,1
7,1
3,1
10,1
13,1
15,1
10,1
7,1
7,1
19,1
16,1
0,1
19,1
5,1
6,1
12,1
5,1
7,0
14,0
11,0
9,0
14,0
17,0
1,0
4,0
7,0
1,0
19,0
3,0
16,0
14,0
6,0
3,0
16,0
16,0
14,0
3,0
2,0
7,0
1,0
10,0
14,0
3,0
0,0
3,0
11,0
3,0
0,1
3,1
18,1
19,1
1,1
16,1
13,1
13,1
5,1
1,0
10,0
2,0
12,0
2,0
3,1
1,1
6,1
19,1
19,1
0,1
10,1
12,1
7,1
0,1
8,1
0,1
10,1
7,1
11,0
16,2
8,2
10,1
11,1
2,1
15,1
7,1
18,1
6,0
7,0
14,2
17,2
7,0
0,0
0,0
2,0
2,0
19,0
13,0
16,0
2,0
6,0
13,1
18,1
10,1
2,1
10,1
10,1
2,1
6,1
3,1
17,0
11,2
10,2
6,2
11,2
2,2
3,0
0,0
2,0
2,0
6,0
5,2
17,2
3,2
15,2
11,2
15,0
7,0
18,0
12,0
12,2
10,2
14,1
16,1
3,1
18,1
15,1
10,1
9,1
5,1
3,1
14,1
11,1
18,1
10,1
15,1
9,1
19,1
11,1
6,1
18,1
0,1
2,1
3,1
5,0
3,1
11,1
13,1
13,1
11,1
3,1
13,1
15,1
11,1
0,1
13,1
6,1
11,1
10,1
10,1
6,1
2,1
7,1
9,0
16,0
13,0
14,0
11,0
3,0
0,0
14,0
15,0
14,0
13,0
9,0
13,0
11,0
16,0
10,1
6,1
6,1
5,1
7,1
10,1
