7,0
11,0
15,0
18,0
14,0
16,0
19,0
15,0
0,1
3,1
18,1
5,1
11,1
0,1
19,1
6,1
11,1
0,1
11,1
11,1
11,1
10,1
1,1
7,1
13,1
9,1
0,1
6,1
11,1
1,1
4,1
0,1
14,1
10,1
12,1
10,1
1,1
10,1
0,1
17,1
8,1
15,1
0,1
7,1
16,1
13,0
3,0
11,0
7,0
16,0
11,0
16,0
7,0
7,0
14,0
13,0
7,0
16,1
9,1
11,1
8,1
14,1
0,1
6,1
10,1
0,1
8,1
15,1
0,1
2,1
2,1
7,1
10,1
3,1
9,1
0,1
19,1
1,1
10,1
10,1
6,1
14,1
10,1
11,1
0,1
6,1
13,0
14,0
9,0
10,0
15,0
18,1
0,1
3,1
13,1
18,1
5,1
10,1
0,1
7,1
19,1
19,1
0,1
19,1
6,1
19,1
16,1
7,1
7,0
14,0
6,0
19,0
14,0
13,0
8,0
14,0
7,0
1,0
6,0
3,0
11,0
14,0
6,0
14,0
14,0
14,0
6,0
7,0
1,0
10,0
14,0
3,0
0,0
16,0
11,0
7,0
15,1
3,1
8,1
10,1
1,1
3,1
19,1
13,1
7,1
11,1
0,0
12,0
7,0
10,0
16,0
3,1
5,1
3,1
9,1
19,1
0,1
10,1
15,1
7,1
7,1
8,1
16,1
9,1
7,1
0,0
0,2
8,2
11,0
6,0
1,0
15,0
7,0
13,0
6,0
7,0
14,2
17,2
16,0
15,0
2,0
14,0
10,0
9,0
13,0
3,0
2,0
15,1
18,1
13,1
16,1
6,1
10,1
10,1
15,1
7,1
6,0
11,0
6,0
7,0
10,0
10,0
5,0
10,0
14,1
15,1
3,1
11,1
0,1
10,1
10,1
15,1
3,1
14,1
19,0
13,1
1,1
14,1
10,1
19,1
3,1
11,1
18,1
0,1
0,1
3,1
6,1
3,1
0,1
13,1
13,1
0,1
3,1
18,1
0,1
6,1
0,1
8,1
5,1
11,1
10,1
15,1
6,1
10,1
7,0
13,0
0,0
3,0
0,0
