16,0
5,0
10,0
3,0
9,0
19,0
9,0
19,0
10,0
3,0
7,0
15,0
2,0
15,0
9,0
18,0
14,0
17,0
6,0
15,0
19,0
9,0
0,0
13,0
10,0
2,0
3,0
10,0
10,0
11,0
1,0
12,0
3,0
9,0
7,0
14,0
11,0
5,0
16,0
5,0
19,0
7,0
9,0
19,0
5,0
18,0
7,0
6,0
2,0
19,0
16,0
8,0
6,0
13,0
2,0
10,0
2,0
11,0
18,0
15,0
15,0
16,0
6,0
6,0
19,0
10,0
19,0
0,0
0,0
2,0
11,0
9,0
7,0
1,0
5,0
7,0
7,0
10,0
5,0
16,0
12,0
16,0
0,0
10,0
7,0
9,0
3,0
16,0
0,0
1,0
11,0
6,0
0,0
13,0
16,0
6,0
0,0
1,0
7,0
0,0
1,0
1,0
7,0
19,0
11,0
11,0
19,0
12,0
19,0
9,0
19,0
16,0
3,0
7,0
6,0
15,0
8,0
3,0
2,0
18,0
1,0
10,0
11,0
5,0
19,0
9,0
5,0
3,0
4,0
6,0
3,0
6,0
2,0
9,0
5,0
1,0
13,0
15,0
9,0
0,0
9,0
10,0
7,0
8,0
18,0
2,0
1,2
7,2
2,2
10,2
15,2
16,2
6,2
11,2
13,0
19,0
6,0
6,0
9,0
11,0
15,1
9,1
0,1
15,1
6,1
14,1
16,1
6,1
11,1
8,1
13,1
13,1
2,1
19,1
15,0
3,0
6,0
10,0
0,0
10,0
19,0
16,0
9,0
19,2
11,2
0,2
10,2
7,2
6,2
1,2
9,0
13,0
16,0
5,2
10,2
3,2
9,2
19,2
9,0
19,0
10,0
3,0
7,0
15,0
2,1
15,1
9,1
18,1
14,1
17,1
6,1
15,1
19,1
9,1
0,1
13,0
10,0
2,0
3,0
10,0
10,0
11,0
1,0
12,0
3,1
9,1
7,1
14,1
11,1
5,1
16,1
5,1
19,1
7,1
9,1
19,1
5,0
18,0
7,1
6,1
2,1
19,1
16,1
8,0
6,0
13,0
2,0
10,0
2,2
11,2
18,2
15,2
15,2
16,2
6,2
6,2
19,0
10,0
19,0
0,0
0,0
2,1
11,1
9,1
7,1
1,1
5,1
7,1
7,1
10,1
5,1
16,1
12,1
16,1
0,1
10,1
7,0
9,2
3,2
16,2
0,2
1,2
11,2
6,2
0,2
13,1
16,1
6,1
0,1
1,1
7,1
0,1
1,0
1,0
7,0
19,1
11,1
11,1
19,1
12,1
19,1
9,1
19,1
16,1
3,1
7,1
6,1
15,0
8,0
3,1
2,1
18,1
1,1
10,1
11,2
5,2
19,2
9,2
5,0
3,1
4,1
6,1
3,1
6,1
2,1
9,1
5,1
1,1
13,1
15,1
9,1
0,1
9,1
10,1
7,1
8,1
18,1
2,1
1,0
7,0
2,0
10,0
15,0
16,0
6,0
11,0
13,0
19,0
6,0
6,0
9,0
11,0
15,0
9,0
0,0
15,0
6,0
14,0
16,0
6,0
11,0
8,0
13,0
13,0
2,0
19,0
15,0
3,0
6,0
10,0
0,0
10,0
19,0
16,0
9,0
19,0
11,0
0,0
10,0
7,0
6,0
1,0
9,0
13,0
0,0
10,0
