16,0
9,0
0,0
11,0
3,0
0,0
10,0
7,0
2,0
3,0
19,0
9,0
0,0
0,0
6,0
17,0
10,0
11,0
16,0
8,0
0,0
14,0
7,0
3,0
1,0
16,0
10,0
16,0
5,0
7,0
10,0
11,0
7,0
3,0
14,0
16,0
18,0
10,0
19,0
19,0
6,0
15,0
3,0
11,0
16,0
10,0
0,0
16,0
13,0
7,0
9,0
2,0
0,2
19,2
4,2
16,2
8,2
10,0
7,0
4,2
19,2
19,2
14,2
13,0
2,1
0,1
0,1
6,1
2,1
11,1
13,1
9,0
4,0
14,0
4,0
8,2
7,2
15,2
5,2
18,2
2,2
2,2
5,0
7,0
1,0
19,2
19,2
1,2
7,2
14,2
0,2
14,2
10,2
15,0
10,0
0,0
10,2
0,2
8,2
4,2
3,2
19,2
3,2
3,2
7,2
11,2
19,2
19,0
13,0
19,0
14,0
17,2
16,2
6,2
16,2
3,2
13,2
1,0
16,0
7,0
6,0
0,2
14,2
17,2
17,2
15,0
0,0
