0,0
18,0
15,0
13,0
11,0
19,0
19,0
10,0
10,0
7,0
6,0
7,0
4,0
19,0
7,0
11,0
16,0
15,2
10,2
19,2
10,2
1,2
18,2
4,2
6,2
2,2
11,0
13,1
2,1
3,1
11,1
8,1
9,1
16,1
16,1
10,1
5,1
0,1
15,1
13,1
10,1
16,1
11,0
11,0
10,0
2,0
9,0
7,0
7,0
11,0
1,0
19,0
2,0
10,0
0,2
9,2
17,2
3,2
16,2
0,2
7,2
5,2
6,2
1,0
13,0
8,2
0,2
10,2
7,2
14,2
9,2
18,2
18,2
1,2
3,0
15,0
2,1
7,1
0,1
9,1
10,1
19,1
18,1
3,1
9,1
16,1
3,1
6,1
3,1
15,0
13,0
5,0
11,0
19,2
11,2
2,2
17,2
19,2
11,2
6,2
10,0
1,0
11,1
12,1
10,1
7,1
2,1
6,1
9,1
4,1
10,1
4,1
9,1
19,1
7,1
2,1
11,1
9,1
3,1
10,0
6,0
11,0
6,0
1,0
8,0
19,2
15,2
9,2
5,2
6,2
0,2
6,2
15,0
18,1
0,1
6,1
15,1
19,1
7,1
0,1
11,0
8,0
18,1
8,1
16,1
15,1
0,1
11,1
5,1
2,1
11,1
7,1
9,1
6,0
6,0
10,0
13,2
10,2
3,2
10,2
4,2
11,0
1,0
12,0
9,0
0,0
18,0
15,1
13,1
11,1
19,1
19,1
10,1
10,1
7,1
6,1
7,1
4,1
19,1
7,1
11,1
16,0
15,0
10,0
19,0
10,0
1,0
18,0
4,0
6,0
2,0
11,0
13,0
2,0
3,0
11,0
8,0
9,0
16,0
16,0
10,0
5,0
0,0
15,0
13,0
10,0
16,0
11,0
11,0
10,0
2,0
9,0
7,0
7,0
11,0
1,0
19,0
2,0
10,0
0,0
9,0
17,0
3,0
16,0
0,0
7,0
5,0
6,0
1,0
13,0
8,0
0,0
10,0
7,0
14,0
9,0
18,0
18,0
1,0
3,0
15,0
2,0
7,0
0,0
9,0
10,0
19,0
18,0
3,0
9,0
16,0
3,0
6,0
3,0
15,0
13,0
5,0
11,0
19,0
11,0
2,0
17,0
19,0
11,0
6,0
10,0
1,0
11,0
12,0
10,0
7,0
2,0
6,0
9,0
4,0
10,0
4,0
9,0
19,0
7,0
2,0
11,0
9,0
3,0
10,0
6,0
11,0
6,0
1,0
8,0
19,0
15,0
9,0
5,0
6,0
0,0
6,0
15,0
18,0
0,0
6,0
15,0
19,0
7,0
0,0
11,0
8,0
18,0
8,0
16,0
15,0
0,0
11,0
5,0
2,0
11,0
7,0
9,0
6,0
6,0
10,0
13,0
10,0
3,0
10,0
4,0
11,0
1,0
12,0
9,0
