6,0
16,0
12,0
15,0
7,0
14,0
10,0
8,0
9,0
7,0
10,0
9,0
14,0
16,0
19,0
7,0
14,0
18,0
10,0
10,0
14,0
8,0
9,0
9,0
14,0
12,0
10,0
8,0
5,0
16,0
13,0
14,0
11,0
10,0
6,0
12,0
18,0
10,0
8,0
6,0
0,0
5,0
16,0
8,0
5,0
10,0
10,0
0,0
5,0
10,0
3,0
15,0
7,0
11,0
10,0
3,0
0,0
19,0
9,0
10,0
0,0
10,0
19,0
11,0
6,0
15,0
6,0
0,0
13,0
9,0
6,0
19,0
14,0
10,0
13,0
3,0
6,0
14,0
12,0
10,0
10,0
0,0
9,0
18,0
6,0
3,0
8,0
14,0
17,0
0,0
2,2
1,2
6,2
0,2
19,2
14,2
12,2
0,0
3,0
10,0
0,1
7,1
6,1
11,1
10,1
10,1
12,1
10,1
6,1
3,1
7,1
8,1
4,1
10,1
1,1
3,1
5,1
0,0
12,0
7,2
13,2
4,2
13,2
6,2
0,2
7,2
0,0
3,1
6,1
3,1
16,1
8,1
13,1
1,1
0,1
16,1
15,1
10,1
6,0
16,0
10,0
1,0
2,0
12,0
19,0
0,0
0,0
7,0
15,1
7,1
9,1
16,1
10,1
10,0
14,0
0,2
10,2
0,2
19,2
14,2
14,2
6,2
1,2
11,2
1,2
3,2
7,2
19,2
19,2
18,2
10,0
14,0
0,1
9,1
11,1
14,1
6,1
14,1
1,0
1,0
16,2
9,2
7,0
10,1
19,1
18,1
1,1
14,0
7,0
15,2
14,2
10,2
1,0
15,0
1,0
18,0
6,0
5,0
10,0
0,0
6,0
0,0
9,0
1,0
0,0
1,0
12,0
3,0
7,0
8,0
13,0
3,0
