15,0
10,0
10,0
15,2
2,2
5,2
10,2
8,0
13,0
0,0
11,0
14,0
16,0
0,0
1,0
16,0
14,2
10,2
19,2
19,2
10,2
19,0
8,0
7,0
10,0
10,0
7,1
15,1
7,1
0,1
3,1
17,1
5,1
14,1
19,1
10,1
15,1
8,1
10,1
0,0
1,0
16,0
5,0
4,2
0,2
0,2
10,2
16,2
10,0
3,0
10,0
14,0
7,0
8,0
7,0
16,0
2,0
14,0
0,0
6,0
0,0
19,0
6,0
12,0
9,1
6,1
5,1
16,1
19,1
5,1
0,1
8,1
19,1
16,1
15,1
6,1
19,1
14,0
19,0
9,0
10,0
19,0
7,0
18,2
15,2
10,2
7,2
7,2
1,2
10,2
9,1
12,1
8,1
7,1
10,1
0,1
5,1
7,1
0,1
13,1
15,1
1,1
10,1
2,1
10,0
1,0
7,0
0,0
9,0
9,2
6,2
7,2
7,2
8,2
13,2
7,2
10,2
5,0
6,0
2,0
6,0
6,0
11,0
0,0
0,1
1,1
17,1
5,1
8,1
3,1
5,1
5,1
17,1
0,1
5,1
1,1
13,1
15,1
5,1
5,1
14,1
9,1
6,1
8,1
19,1
10,1
15,1
3,1
17,1
18,1
5,1
5,1
0,1
19,1
13,1
15,1
15,1
10,1
2,1
8,1
6,1
5,1
1,0
5,0
16,1
10,1
9,1
0,1
5,1
1,1
15,1
0,1
2,1
10,1
7,1
15,1
15,1
19,0
0,0
8,1
12,1
10,1
10,1
0,1
16,1
15,1
10,1
0,1
11,1
5,1
14,1
18,1
10,1
10,1
14,1
0,1
10,0
5,0
0,1
10,1
11,1
10,1
14,1
9,1
8,1
18,0
19,0
4,0
7,0
6,2
5,2
3,2
15,2
11,2
13,2
5,0
5,0
10,1
0,1
6,1
15,1
15,1
7,1
10,1
15,1
18,1
15,1
5,1
19,1
0,0
5,2
0,2
7,2
8,2
2,2
19,0
8,0
8,0
6,0
5,0
14,1
5,1
0,1
13,1
0,1
11,1
9,1
19,1
5,1
0,1
12,1
9,1
8,1
15,1
9,1
9,1
3,1
