15,0
0,0
15,0
3,0
16,0
19,0
13,0
13,0
7,0
9,0
12,0
15,0
7,0
10,0
6,1
10,1
7,1
16,1
13,1
19,1
14,1
7,1
5,1
1,1
10,1
19,1
6,1
16,1
3,1
10,1
19,1
0,0
8,0
13,0
7,0
19,0
7,0
1,2
2,2
15,1
19,1
1,1
6,1
0,1
10,1
5,1
1,1
10,1
0,1
0,0
6,1
7,1
9,1
19,1
3,1
10,1
5,1
1,1
8,1
1,1
7,1
0,1
19,1
9,1
1,1
1,0
10,0
15,2
10,2
5,2
6,0
16,0
10,0
3,0
19,0
10,2
3,2
19,2
0,0
6,0
1,0
12,1
16,1
7,1
10,1
10,1
0,1
1,1
0,1
0,1
16,1
1,1
7,1
15,1
7,1
2,1
5,1
14,1
5,1
19,1
5,1
0,1
10,1
1,1
0,1
15,1
19,1
5,1
0,0
10,1
19,1
0,1
0,1
6,1
11,1
0,1
5,1
3,1
7,1
6,1
16,1
13,1
15,1
2,1
0,1
1,1
1,1
8,1
13,1
18,1
1,1
16,1
10,1
10,1
6,1
12,1
7,1
3,1
2,1
1,1
6,1
10,1
1,1
1,1
10,1
13,1
14,1
16,1
9,1
8,1
12,1
14,1
9,1
19,1
8,1
0,1
5,1
8,1
1,1
10,1
0,1
15,1
10,1
1,1
5,1
12,1
1,1
10,1
3,1
3,1
18,1
1,1
1,1
9,1
0,1
16,1
0,1
19,1
10,1
0,1
7,1
6,1
14,1
3,1
0,1
0,1
6,1
0,1
0,1
7,1
0,1
0,1
8,1
19,1
11,1
2,1
19,1
1,1
7,1
0,1
9,1
10,1
3,1
1,1
5,1
15,1
0,1
15,1
3,1
16,1
19,1
13,1
13,1
7,1
9,1
12,1
15,1
7,1
10,1
6,0
10,0
7,0
16,0
13,0
19,0
14,0
7,0
5,0
1,0
10,0
19,0
6,0
16,0
3,0
10,0
19,0
0,0
8,0
13,0
7,0
19,0
7,0
1,0
2,0
15,0
19,0
1,0
6,0
0,0
10,0
5,0
1,0
10,0
0,0
0,0
6,0
7,0
9,0
19,0
3,0
10,0
5,0
1,0
8,0
1,0
7,0
0,0
19,0
9,0
1,0
1,0
10,0
15,0
10,0
5,0
6,0
16,0
10,0
3,0
19,0
10,0
3,0
19,0
0,0
6,0
1,0
12,0
16,0
7,0
10,0
10,0
0,0
1,0
0,0
0,0
16,0
1,0
7,0
15,0
7,0
2,0
5,0
14,0
5,0
19,0
5,0
0,0
10,0
1,0
0,0
15,0
19,0
5,0
0,0
10,0
19,0
0,0
0,0
6,0
11,0
0,0
5,0
3,0
7,0
6,0
16,0
13,0
15,0
2,0
0,0
1,0
1,0
8,0
13,0
18,0
1,0
16,0
10,0
10,0
6,0
12,0
7,0
3,0
2,0
1,0
6,0
10,0
1,0
1,0
10,0
13,0
14,0
16,0
9,0
8,0
12,0
14,0
9,0
19,0
8,0
0,0
5,0
8,0
1,0
10,0
0,0
15,0
10,0
1,0
5,0
12,0
1,0
10,0
3,0
3,0
18,0
1,0
1,0
9,0
0,0
16,0
0,0
19,0
10,0
0,0
7,0
6,0
14,0
3,0
0,0
0,0
6,0
0,0
0,0
7,0
0,0
0,0
8,0
19,0
11,0
2,0
19,0
1,0
7,0
0,0
9,0
10,0
3,0
1,0
