9,0
19,0
7,0
7,0
18,0
16,0
4,0
7,0
0,0
2,0
16,0
19,0
14,0
18,0
5,0
19,0
15,0
10,0
2,0
15,0
7,0
18,0
8,2
13,2
4,0
7,0
7,0
15,0
10,0
9,0
2,0
15,0
5,2
17,2
19,2
19,2
15,2
0,0
0,0
8,0
4,2
18,2
11,2
15,2
7,2
9,2
5,2
19,2
1,2
10,0
7,0
6,2
3,2
2,2
9,2
2,1
19,1
19,1
6,1
7,1
2,0
6,0
5,0
13,0
9,2
15,2
0,2
15,2
11,0
15,0
9,0
19,0
8,0
14,0
15,0
18,0
2,0
15,0
2,0
16,0
10,2
2,2
2,2
3,2
9,2
12,2
10,2
9,2
11,2
10,2
11,0
15,0
0,0
0,0
15,0
10,0
2,0
15,0
1,0
19,0
0,0
15,0
9,0
15,2
10,2
14,2
16,2
15,2
4,0
0,0
15,0
0,0
7,0
16,0
5,0
4,0
10,0
9,0
15,0
7,0
17,0
7,0
2,0
16,0
11,0
15,0
15,0
7,0
16,0
15,0
18,0
14,0
3,2
19,2
10,2
11,2
4,2
10,2
11,0
0,0
14,0
9,0
10,0
15,0
3,0
15,0
15,0
4,0
11,0
15,0
0,0
18,0
14,0
7,2
5,2
9,2
16,2
15,2
2,2
12,0
13,0
4,1
0,1
7,1
18,1
10,1
6,1
7,1
7,1
11,1
3,0
15,0
4,0
5,0
7,0
3,0
15,0
7,2
7,2
14,2
19,2
19,0
4,0
15,0
7,0
11,0
10,0
5,0
7,0
9,0
19,0
15,0
17,0
7,0
15,0
7,0
4,0
0,2
5,2
11,2
2,2
11,0
14,0
7,2
19,2
18,2
16,2
11,2
19,2
4,2
2,2
18,0
19,0
15,0
17,0
9,0
11,0
5,0
16,0
9,0
0,0
15,2
2,2
