6,0
14,0
0,0
1,0
19,0
1,0
4,0
15,0
8,0
10,0
10,0
19,0
11,0
8,0
15,0
5,0
15,0
1,0
1,0
14,0
15,0
15,0
17,0
1,0
5,0
6,0
5,0
9,0
16,0
1,0
16,0
5,0
6,0
6,0
0,0
10,0
6,0
10,0
9,0
2,0
7,0
18,0
9,0
5,0
11,0
9,0
11,0
15,0
7,0
6,0
6,0
3,0
13,0
6,2
15,2
10,2
0,2
15,2
5,2
13,2
15,2
3,2
4,0
15,0
15,0
0,0
11,0
0,0
1,0
7,0
3,0
10,0
7,0
0,0
13,0
15,0
1,0
7,0
5,0
12,0
5,1
11,1
14,1
13,1
6,1
3,1
0,1
15,1
13,1
0,1
10,1
1,1
16,1
7,1
6,1
12,1
15,1
7,1
14,1
19,0
13,0
16,1
3,1
15,1
7,1
9,1
8,1
9,1
9,1
10,1
1,1
16,0
6,1
5,1
7,1
6,1
14,1
0,1
1,1
19,0
1,2
4,2
15,2
8,2
10,2
10,2
19,0
11,0
8,0
15,0
5,1
15,1
1,1
1,1
14,1
15,1
15,1
17,1
1,1
5,1
6,1
5,0
9,0
16,0
1,0
16,0
5,0
6,0
6,0
0,2
10,2
6,2
10,0
9,0
2,2
7,2
18,2
9,2
5,2
11,2
9,2
11,2
15,2
7,0
6,0
6,0
3,0
13,0
6,0
15,0
10,0
0,0
15,0
5,0
13,0
15,0
3,0
4,0
15,0
15,0
0,0
11,0
0,0
1,0
7,0
3,0
10,0
7,0
0,0
13,0
15,0
1,0
7,0
5,0
12,0
5,0
11,0
14,0
13,0
6,0
3,0
0,0
15,0
13,0
0,0
10,0
1,0
16,0
7,0
6,0
12,0
15,0
7,0
14,0
19,0
13,0
16,0
3,0
15,0
7,0
9,0
8,0
9,0
9,0
10,0
1,0
16,0
6,0
