3,0
9,0
15,0
0,0
11,0
3,0
10,0
1,0
2,0
9,0
12,0
18,0
3,0
8,0
10,0
14,0
7,0
13,0
7,0
16,0
0,0
13,0
8,0
5,0
10,0
19,0
5,0
19,0
9,0
4,0
11,0
10,0
7,0
11,0
3,0
15,0
2,0
15,0
10,0
3,0
9,0
9,0
8,0
0,0
6,0
13,0
5,0
0,0
15,0
10,0
0,0
6,0
7,0
3,0
15,0
14,0
5,0
4,0
0,0
10,0
9,0
5,0
9,0
16,0
11,0
1,0
19,0
14,0
9,0
13,0
5,0
3,0
0,0
0,0
14,0
14,0
19,0
9,0
8,0
9,0
1,0
15,0
1,0
7,0
3,0
9,0
14,0
1,0
0,0
4,0
5,0
11,0
15,0
10,0
1,0
14,0
19,0
14,0
14,0
15,0
14,0
0,0
9,0
3,0
0,0
7,0
17,0
19,0
4,0
19,0
13,0
5,0
10,0
5,0
3,0
7,0
11,0
16,0
10,0
7,0
10,0
11,0
9,0
12,0
7,0
11,0
14,0
3,0
9,0
15,0
0,0
11,0
3,0
10,0
1,0
2,0
9,0
12,0
18,0
3,0
8,0
10,0
14,0
7,0
13,0
7,0
16,0
0,0
13,0
8,0
5,0
10,0
19,0
5,0
19,0
9,0
4,0
11,0
10,0
7,0
11,0
3,0
15,0
2,0
15,0
10,0
3,0
9,0
9,0
8,0
0,0
6,0
13,0
5,0
0,0
15,0
10,0
0,0
6,0
7,0
3,0
15,0
14,0
5,0
4,0
0,0
10,0
9,0
5,0
9,0
16,0
11,0
1,0
19,0
14,0
9,0
13,0
5,0
3,0
0,0
0,0
14,0
14,0
19,0
9,0
8,0
9,0
1,0
15,0
1,0
7,0
3,0
9,0
14,0
1,0
0,0
4,0
5,0
11,0
15,1
10,1
1,1
14,1
19,1
14,1
14,1
15,1
14,1
0,1
9,1
3,1
0,1
7,0
17,0
19,0
4,0
19,1
13,1
5,1
10,1
5,1
3,1
7,1
11,1
16,1
10,1
7,1
10,1
11,1
9,1
