10,0
16,0
17,0
8,0
3,0
19,0
10,1
0,1
6,1
6,1
11,1
5,0
5,0
14,1
18,1
13,1
10,0
2,1
16,1
10,1
5,1
16,1
19,1
0,1
15,1
6,1
1,1
5,1
15,1
7,1
19,1
16,1
9,0
18,0
14,0
14,0
5,0
11,0
3,0
19,0
13,1
2,1
0,1
13,0
1,0
13,1
16,1
6,1
10,1
7,1
3,0
19,0
11,1
19,1
19,1
9,0
10,0
7,2
5,2
3,2
14,2
18,2
8,0
7,0
14,0
7,0
5,0
0,0
8,0
7,0
10,0
0,0
13,0
15,0
19,0
1,0
14,0
7,0
9,0
0,0
9,0
14,0
14,0
15,0
10,0
10,0
2,1
12,1
18,1
11,1
6,1
10,1
6,1
2,1
16,1
9,1
14,1
7,0
13,0
16,0
1,0
14,0
2,0
8,0
7,0
18,0
10,0
6,0
15,0
17,0
0,0
1,1
5,1
7,1
19,1
10,1
10,1
10,0
2,2
16,2
19,2
10,2
16,2
19,0
1,0
0,0
7,0
5,0
0,0
8,0
15,0
8,0
0,0
15,0
10,0
7,0
17,0
6,0
16,0
13,0
16,1
3,1
11,1
19,1
9,1
15,1
10,1
9,1
2,1
5,1
8,1
1,1
6,1
7,1
19,1
19,0
13,0
10,0
10,0
17,2
7,2
15,2
8,2
0,2
5,0
11,1
11,1
7,1
0,1
9,1
9,1
3,0
11,0
5,0
1,0
8,0
8,0
19,0
10,0
11,0
0,2
14,2
8,2
14,2
15,2
14,0
10,0
15,0
0,0
8,0
1,0
7,0
13,1
13,1
7,1
4,0
2,0
8,0
13,0
19,0
10,0
0,1
2,1
5,1
17,1
10,1
6,1
5,1
8,1
7,1
6,1
16,1
14,0
9,0
3,0
17,0
12,0
14,0
19,0
10,0
14,0
0,0
6,0
15,0
6,0
