15,1
10,1
10,1
6,1
13,1
7,1
11,1
12,1
9,1
10,1
6,1
6,1
16,1
7,1
11,0
10,0
0,1
9,1
14,1
15,1
18,1
15,1
15,0
18,0
7,0
4,0
18,0
4,0
7,0
17,0
7,0
7,0
11,0
7,0
16,0
14,0
11,0
3,0
0,1
16,1
3,1
1,1
4,1
4,1
13,1
19,1
8,1
3,1
4,1
4,1
18,1
7,1
2,1
10,1
14,0
3,0
4,0
2,0
14,0
11,0
15,0
3,0
1,0
18,0
11,0
18,0
11,0
1,0
19,0
2,0
7,0
0,0
9,0
19,0
4,2
6,2
11,2
7,0
16,0
15,0
4,0
6,2
2,2
1,2
9,0
4,0
6,0
4,0
3,1
11,1
0,1
0,1
0,1
9,1
4,1
13,1
1,1
5,1
2,1
10,1
2,1
16,1
18,1
15,1
11,1
11,1
18,1
12,1
10,1
18,1
14,1
3,1
13,1
10,1
4,1
11,1
7,1
6,1
10,0
11,0
4,1
