0,0
3,0
10,0
0,0
13,0
6,0
0,0
11,0
15,0
0,0
1,0
3,0
18,0
0,0
17,0
18,0
3,0
19,0
15,0
15,0
13,0
10,0
16,0
18,0
1,0
19,0
10,0
1,0
16,0
7,0
6,0
10,0
6,0
19,0
1,0
19,0
1,0
13,0
15,0
7,0
8,0
3,0
6,0
17,0
19,0
2,0
19,0
11,0
16,0
15,0
19,0
1,0
6,0
1,0
15,0
9,0
14,0
19,0
6,0
14,0
15,0
6,0
4,0
7,0
1,0
19,0
2,0
19,0
7,0
3,0
10,0
10,0
10,0
4,0
13,0
5,0
6,0
1,0
6,0
3,0
5,0
0,0
10,0
18,0
4,0
3,0
7,0
8,0
19,0
10,0
2,0
9,0
11,0
1,0
7,0
9,0
8,0
3,0
8,0
0,0
1,0
4,0
2,0
4,0
19,0
13,0
10,0
19,0
1,0
18,0
6,0
10,0
3,0
2,0
16,0
6,0
6,0
15,0
10,0
7,0
10,0
6,0
1,0
9,0
4,0
1,0
1,0
14,0
6,2
15,2
0,2
3,2
10,0
0,0
13,0
6,0
0,0
11,0
15,2
0,2
1,2
3,2
18,2
0,2
17,2
18,2
3,2
19,2
15,2
15,2
13,0
10,0
16,0
18,0
1,0
19,2
10,2
1,2
16,2
7,2
6,2
10,2
6,0
19,0
1,0
19,1
1,1
13,1
15,1
7,1
13,2
3,2
2,2
1,2
8,1
3,1
6,1
17,1
19,2
2,2
19,2
11,0
16,0
15,2
19,2
1,0
6,1
1,1
15,1
9,1
14,1
19,1
6,1
14,1
15,0
6,0
4,0
7,0
1,2
19,2
2,2
19,2
7,2
3,2
10,2
10,0
10,0
4,0
13,0
5,2
6,2
1,2
6,2
3,2
5,2
0,2
10,2
18,2
4,2
3,2
7,2
8,0
19,0
10,0
2,0
9,0
11,0
1,0
7,0
9,0
8,0
3,0
8,2
0,2
1,2
4,2
2,2
4,2
19,0
13,0
10,0
19,0
1,0
18,2
6,2
10,2
3,2
2,1
16,1
6,1
6,0
15,2
10,2
7,2
10,0
6,0
1,0
9,0
4,0
1,0
1,0
14,0
6,0
16,0
11,0
5,0
16,0
0,0
1,0
11,0
15,0
16,0
