14,0
1,0
18,0
10,0
11,0
7,1
17,1
10,1
6,1
3,1
19,1
19,1
5,1
10,1
15,1
10,1
1,1
1,1
14,0
15,0
19,0
1,0
0,0
15,0
1,0
5,0
1,0
14,0
9,0
9,0
15,0
10,1
2,1
6,1
1,1
9,1
10,1
6,1
13,1
2,1
11,1
1,1
2,1
9,0
16,0
0,0
9,0
9,2
0,2
6,2
18,2
11,2
1,0
11,0
15,0
14,0
15,0
7,0
10,0
3,0
19,0
6,0
1,0
3,0
14,1
9,1
6,1
18,1
0,1
11,1
13,1
12,1
6,1
1,1
18,0
0,0
19,0
7,0
10,2
11,2
9,2
10,2
16,2
6,0
6,0
11,0
18,0
13,0
2,0
7,0
15,0
18,1
6,1
16,1
10,1
1,1
11,1
9,1
0,1
15,1
15,1
19,0
15,0
9,0
14,0
9,0
0,2
12,2
15,2
3,2
0,0
9,0
19,0
11,0
6,1
15,1
5,1
9,1
3,1
3,1
0,1
18,1
2,1
10,1
7,1
0,1
3,0
16,0
19,2
19,2
10,2
9,2
19,2
11,0
9,1
10,1
16,1
6,1
1,1
6,1
10,1
6,1
15,1
10,1
10,1
6,1
18,1
0,1
1,1
15,1
18,1
7,1
12,0
6,0
14,0
10,0
9,2
19,2
9,2
2,2
3,0
6,1
2,1
3,1
10,1
3,1
9,1
0,1
10,1
1,1
9,1
7,1
0,0
1,0
13,0
9,2
7,2
9,2
6,2
15,2
1,0
3,0
17,0
6,0
16,0
10,0
6,0
9,0
2,0
11,1
6,1
2,1
5,1
1,1
11,1
10,1
9,1
15,1
12,1
9,0
14,0
15,0
2,0
19,0
19,0
11,2
19,2
0,2
9,2
0,2
7,0
9,0
15,0
6,0
1,1
2,1
6,1
9,1
6,1
6,1
10,1
1,1
11,1
10,1
7,1
19,0
2,0
0,0
13,2
10,2
9,2
7,2
15,1
15,1
10,1
12,1
1,1
2,1
14,1
6,0
11,1
9,1
11,1
6,1
10,1
9,1
6,1
7,1
15,1
10,0
6,0
