7,0
4,0
14,0
3,0
2,0
7,0
12,0
15,1
6,1
6,1
0,1
1,1
5,1
11,1
13,1
10,1
6,1
12,1
8,1
2,1
15,1
10,1
1,1
15,1
15,1
19,1
0,1
10,1
7,0
5,0
0,0
11,0
3,0
7,0
0,0
7,0
7,0
2,0
0,0
14,0
11,0
0,0
0,0
11,0
12,2
11,2
16,0
12,0
0,2
18,2
3,1
4,1
6,1
19,1
6,1
11,1
16,1
0,1
12,1
2,1
2,1
0,1
11,1
5,0
4,0
19,0
13,0
11,0
8,0
15,0
5,1
14,1
2,1
5,1
1,1
11,0
7,0
10,0
7,2
6,2
2,2
9,2
13,2
12,2
15,2
15,0
3,0
15,0
7,0
12,0
3,1
11,1
0,1
11,1
0,1
0,1
6,1
5,1
0,1
15,1
11,1
0,1
17,1
13,1
7,1
6,1
10,1
0,1
6,1
11,1
7,1
19,0
7,0
5,0
2,0
10,0
11,0
10,0
16,1
7,1
7,1
10,1
13,1
15,1
1,1
7,0
19,1
7,1
8,1
18,1
16,1
5,1
12,1
19,1
17,0
5,0
6,0
16,0
19,0
11,2
10,2
7,2
4,2
18,2
19,2
6,2
0,2
4,0
15,0
2,0
12,0
4,2
18,2
19,2
19,2
4,2
5,2
18,2
7,2
14,0
0,0
7,0
2,0
12,0
12,0
7,0
11,0
3,0
9,0
18,0
6,0
11,0
7,0
6,0
14,0
4,0
15,0
11,0
4,0
6,0
2,0
4,2
3,2
11,0
6,0
11,0
7,0
10,2
4,2
15,0
