6,0
15,0
9,0
16,0
0,0
19,0
7,0
15,0
16,0
0,0
10,0
5,0
14,0
10,0
19,0
6,0
19,0
0,0
0,0
3,0
6,0
13,0
7,0
16,0
9,0
8,0
19,0
7,0
11,0
16,0
19,0
2,2
19,2
5,2
7,2
7,2
7,2
15,0
7,0
16,0
7,1
10,1
15,1
5,1
19,1
5,1
15,1
7,1
0,1
19,1
3,1
9,1
7,1
2,1
15,1
3,1
19,0
13,0
0,0
6,2
6,2
11,2
3,2
7,2
9,2
3,2
0,1
15,1
0,1
10,1
19,1
3,1
8,1
11,1
19,1
0,1
19,1
0,0
7,0
10,0
0,0
10,2
9,2
19,2
2,2
11,0
6,0
19,1
3,1
19,1
3,1
2,1
10,0
16,0
16,0
6,1
5,1
10,1
1,0
5,2
9,2
13,2
9,2
7,2
6,2
19,2
16,2
2,2
17,2
11,2
6,2
19,2
7,2
7,2
11,0
3,0
10,0
14,0
9,0
15,0
19,0
9,2
2,2
1,1
0,1
0,1
7,1
15,1
7,1
15,1
1,1
0,1
16,1
13,0
3,0
16,0
19,0
9,1
12,1
6,1
7,1
5,1
15,1
0,0
12,0
5,0
15,0
5,0
6,0
5,2
3,2
15,2
2,2
7,2
0,0
19,0
11,0
15,1
9,1
19,1
15,1
11,1
15,1
14,1
7,1
0,1
9,1
15,1
18,1
10,0
15,0
10,0
16,0
18,0
9,0
3,0
3,0
15,2
19,2
11,2
15,0
12,1
11,1
10,1
2,1
7,1
18,1
3,1
10,1
15,1
14,1
6,1
2,1
9,0
15,0
15,2
2,2
2,2
17,2
14,2
10,2
17,0
15,1
18,1
6,1
8,0
12,0
18,0
16,0
10,2
7,2
5,0
14,2
2,2
6,0
10,0
0,0
0,0
6,0
13,1
10,1
2,1
13,1
19,1
10,1
15,1
3,0
6,0
16,0
5,0
6,0
7,2
9,2
19,2
11,2
7,2
10,2
11,2
18,2
9,2
14,0
9,0
11,0
6,1
12,1
11,1
19,1
6,1
11,1
3,1
0,1
0,1
7,1
16,1
19,1
16,1
19,1
10,1
6,1
7,1
