0,0
12,0
2,0
15,0
19,0
13,0
15,0
7,0
10,0
3,0
12,0
10,0
9,0
10,0
10,0
14,0
18,0
6,0
1,0
1,0
7,0
16,0
1,0
10,0
19,0
19,0
6,0
3,0
18,0
1,0
14,0
3,0
8,0
9,0
18,0
4,0
9,0
7,0
0,0
3,0
13,0
7,0
11,0
2,0
5,0
3,0
18,0
15,0
19,0
13,0
15,0
19,0
10,0
3,0
10,0
3,0
16,0
7,0
0,0
9,0
0,0
4,0
10,0
6,0
1,0
12,0
2,0
7,0
0,0
16,0
17,0
15,0
3,0
5,0
19,0
0,0
1,0
10,0
11,0
0,0
10,0
15,0
6,0
3,0
18,0
7,0
8,0
0,0
18,0
19,0
19,0
0,0
3,0
16,0
17,0
7,0
19,0
7,0
3,0
0,0
9,0
0,0
6,0
6,0
10,0
3,0
0,0
5,0
7,0
9,0
2,0
18,0
16,0
14,0
10,0
14,0
19,0
11,0
15,0
15,0
15,0
19,0
11,0
6,0
5,0
10,0
9,0
15,0
2,0
10,0
0,0
10,0
10,0
12,0
6,0
11,0
7,0
5,0
19,0
0,0
19,0
14,0
2,0
3,0
11,0
16,0
9,0
10,0
3,0
6,0
10,0
1,0
2,0
13,0
1,0
18,0
18,0
1,0
16,0
0,0
15,0
7,0
2,0
5,0
19,0
12,0
1,0
0,0
18,0
7,0
1,0
7,0
8,0
3,0
3,0
9,0
19,0
12,0
15,0
10,0
0,0
10,0
0,0
18,0
15,0
5,0
18,0
6,0
14,0
0,0
12,0
2,0
15,0
19,0
13,0
15,0
7,0
10,0
3,0
12,0
10,0
9,0
10,0
10,0
14,0
18,0
6,0
1,0
1,0
7,0
16,0
1,0
10,0
19,0
19,0
6,0
3,0
18,0
1,0
14,0
3,0
8,0
9,0
18,0
4,0
9,0
7,0
0,0
3,0
13,0
7,0
2,0
5,0
3,0
18,0
15,0
19,0
13,0
15,0
19,0
10,0
3,0
10,0
3,0
16,0
7,0
0,0
9,0
0,0
4,0
10,0
6,0
1,0
12,0
2,0
7,0
0,0
16,0
17,0
15,0
3,0
5,1
19,1
0,1
1,1
10,1
11,2
0,2
10,2
15,0
6,0
3,2
18,2
7,2
8,0
0,0
18,2
19,2
19,2
0,0
3,0
16,0
17,0
7,0
19,0
7,0
3,0
0,0
9,2
0,2
6,2
6,2
10,2
3,2
0,0
5,0
7,0
9,0
2,0
18,0
16,2
14,2
10,2
14,2
19,2
11,2
15,2
15,2
15,0
19,0
11,0
6,0
5,2
10,2
9,2
15,2
2,2
10,2
0,2
10,2
10,2
12,0
6,0
11,1
7,1
5,1
19,1
0,1
19,1
14,1
2,1
3,1
11,1
16,1
9,1
10,1
3,1
6,1
10,1
1,0
2,0
13,0
1,2
18,2
18,2
1,2
16,0
0,0
15,0
7,0
2,0
5,1
19,1
12,1
1,1
0,1
18,1
7,1
1,1
7,1
8,1
3,1
3,0
9,0
19,0
12,2
15,2
10,2
0,0
10,0
0,0
18,0
15,1
5,1
18,1
6,1
