2,0
10,0
9,0
15,0
6,0
11,0
4,0
3,0
9,0
10,0
15,0
9,0
10,0
1,0
3,0
8,1
14,1
6,1
2,1
1,1
9,1
18,0
1,1
1,1
11,1
9,1
6,1
6,1
10,1
15,1
11,1
1,1
13,1
16,1
0,1
9,1
1,1
11,1
16,2
11,2
7,2
3,2
1,2
2,0
4,0
13,0
18,0
1,0
0,0
10,1
7,1
18,1
15,1
18,1
10,1
6,1
15,1
10,1
10,1
7,1
11,1
15,1
1,1
6,1
9,1
13,0
11,1
13,1
11,1
6,1
1,1
19,1
10,1
5,1
16,1
14,1
2,1
3,1
10,1
10,1
0,1
0,1
7,1
13,1
6,1
6,1
8,1
11,1
13,0
1,0
2,1
13,1
13,1
2,1
0,1
13,1
18,1
15,1
19,1
19,1
6,1
10,1
19,1
6,1
11,1
3,1
7,1
15,1
19,1
15,1
15,1
10,1
10,0
11,1
19,1
13,1
2,1
3,1
5,1
15,1
0,1
15,1
3,1
8,1
9,1
19,1
5,1
13,1
10,1
1,1
10,1
10,1
16,1
15,1
0,1
13,1
9,1
1,1
2,1
1,1
0,1
3,1
13,1
13,1
1,1
8,1
13,1
9,1
3,1
6,1
6,1
12,1
3,1
9,1
11,0
3,0
13,0
4,0
16,1
8,1
6,1
19,1
6,1
14,1
12,1
0,1
16,1
6,1
4,0
3,0
8,0
9,0
5,0
9,0
16,0
0,1
10,1
15,1
5,1
0,1
10,1
15,1
9,1
0,1
10,1
5,1
19,1
6,1
18,0
19,0
3,2
8,2
8,2
19,2
13,2
14,0
6,0
0,0
0,0
16,0
14,0
15,0
19,0
18,0
10,0
10,0
18,0
11,0
16,0
15,0
8,0
18,0
2,0
9,0
10,0
18,2
0,2
0,2
3,2
11,2
8,2
