7,0
3,0
10,0
7,0
7,0
4,0
14,0
13,0
10,0
19,0
0,0
6,0
2,0
11,2
16,2
7,2
18,2
14,2
16,0
9,0
19,0
0,0
4,0
11,2
5,2
3,2
4,0
2,0
7,0
16,2
16,2
6,2
16,2
0,0
14,0
2,2
7,2
16,2
1,2
4,0
13,0
15,0
9,0
7,0
3,2
6,2
7,2
10,0
1,1
1,1
12,1
16,1
0,1
2,1
10,1
14,1
18,1
3,0
4,0
14,0
10,0
7,0
5,2
4,2
15,2
2,2
7,2
3,2
4,2
9,2
14,2
11,0
6,0
16,2
18,2
6,2
19,2
4,2
18,2
1,2
1,2
2,2
17,2
1,2
3,0
7,0
4,0
14,0
13,0
10,0
19,0
0,0
6,0
2,0
11,0
16,0
7,0
18,0
14,0
16,0
9,0
19,0
0,0
4,0
11,0
5,0
3,0
4,0
2,0
7,0
16,0
16,0
6,0
16,0
0,0
14,0
2,0
7,0
16,0
1,0
4,0
13,0
15,0
9,0
7,0
3,0
6,0
7,0
10,0
1,0
1,0
12,0
16,0
0,0
2,0
10,0
14,0
18,0
3,0
4,0
14,0
10,0
7,0
5,0
4,0
15,0
2,0
7,0
3,0
4,0
9,0
14,0
11,0
6,0
16,0
18,0
6,0
19,0
4,0
18,0
1,0
1,0
2,0
