16,0
2,0
16,0
9,0
13,0
11,0
10,0
6,0
7,0
19,0
15,0
19,0
10,0
15,0
14,0
10,0
1,0
11,0
11,0
10,0
3,0
10,0
19,0
13,0
18,0
10,0
15,0
2,0
19,0
3,0
7,0
15,0
14,0
19,0
9,0
16,0
10,0
10,0
11,0
7,0
2,0
3,0
1,0
6,0
10,0
15,0
9,0
18,0
5,0
10,0
2,0
11,0
2,0
9,0
11,0
12,0
0,0
15,0
13,0
10,0
14,0
19,0
14,0
6,0
11,0
14,0
2,0
10,0
9,0
18,0
10,0
13,2
12,2
16,2
18,2
16,2
15,2
4,2
6,2
14,2
19,2
19,2
12,2
16,0
10,0
2,0
11,2
6,2
2,2
16,2
10,2
2,2
5,2
13,2
11,2
2,0
10,0
7,0
10,0
10,0
3,0
15,2
2,2
19,2
16,2
3,2
13,2
6,2
11,0
4,0
19,2
6,2
18,2
9,2
1,2
11,2
5,0
0,1
9,1
10,1
16,1
7,1
13,2
11,2
9,2
15,2
2,2
14,2
13,2
19,2
2,0
15,0
13,0
8,0
10,0
5,0
4,2
8,2
1,2
7,2
16,2
11,2
6,2
7,2
16,0
10,0
18,0
13,0
10,0
14,0
3,0
8,0
9,0
9,0
13,0
7,2
13,2
11,2
11,2
14,2
9,2
10,1
10,1
13,1
3,1
0,1
15,1
3,1
9,1
6,1
15,1
9,1
16,0
18,0
15,0
15,0
9,0
16,0
1,0
10,0
16,1
13,1
2,1
0,1
15,1
10,1
19,1
16,1
11,1
3,1
7,1
6,1
11,1
18,1
6,1
13,1
15,1
12,0
9,0
3,0
5,0
16,0
6,0
18,0
0,0
11,0
9,0
3,0
3,0
18,0
19,0
11,0
2,0
16,0
9,0
13,0
11,0
10,0
6,0
7,2
19,2
15,2
19,2
10,2
15,2
14,2
10,0
1,0
11,2
11,2
10,2
3,2
10,2
19,2
13,2
18,0
10,0
15,0
2,2
19,2
3,2
7,2
15,2
14,0
19,0
9,0
16,0
10,0
10,2
11,2
7,2
2,2
3,0
1,0
6,0
10,2
15,2
9,2
18,2
5,2
10,2
2,2
11,0
2,0
9,0
11,0
12,0
0,2
15,2
13,2
10,2
14,2
19,2
14,2
6,2
11,0
14,0
2,0
10,0
9,2
18,2
10,2
13,2
12,2
16,2
18,2
16,2
15,0
6,0
14,1
19,1
19,1
12,1
16,1
10,1
2,1
11,1
6,1
2,1
16,0
10,0
2,0
5,0
13,0
11,0
2,0
10,0
7,0
10,0
10,0
3,0
15,0
2,0
19,0
16,0
3,0
13,0
6,0
11,0
4,0
19,0
6,0
18,0
9,0
1,0
11,0
5,0
0,0
9,0
10,0
16,0
7,0
13,0
11,0
9,0
15,0
2,0
14,0
13,0
19,0
2,0
15,0
13,0
8,0
10,0
5,0
4,0
8,0
1,0
7,0
16,0
11,0
6,0
7,0
16,0
10,0
18,0
13,0
10,0
14,0
3,0
8,0
9,0
9,0
13,0
7,0
13,0
11,0
11,0
14,0
9,0
10,0
10,0
13,0
3,0
0,0
15,0
3,0
9,0
6,0
15,0
9,0
16,0
18,0
15,0
15,0
9,0
16,0
1,0
10,0
16,0
13,0
2,0
0,0
15,0
10,0
19,0
16,0
11,0
3,0
7,0
6,0
11,0
18,0
6,0
13,0
15,0
12,0
9,0
3,0
5,0
16,0
6,0
18,0
0,0
11,0
9,0
3,0
3,0
18,0
19,0
11,0
1,0
