12,0
10,0
9,0
6,0
1,0
9,0
15,0
3,0
14,0
11,0
3,0
10,0
11,0
11,0
10,0
10,0
1,0
16,0
1,0
2,0
2,0
19,0
10,0
19,0
10,0
18,0
15,0
11,0
15,0
6,0
19,2
0,2
0,0
6,0
2,1
8,1
10,1
1,1
10,1
10,1
15,1
16,1
19,1
0,1
5,1
0,1
19,0
11,2
7,2
5,2
7,2
16,2
9,2
4,2
17,0
19,1
3,1
4,1
7,1
3,1
0,1
6,1
15,1
1,1
11,1
10,1
4,1
11,1
11,1
12,1
11,1
19,1
3,1
10,1
15,0
14,0
11,0
3,0
11,2
11,2
19,2
6,2
10,2
13,2
8,0
18,0
5,1
3,1
7,1
0,1
13,1
8,1
16,1
6,1
18,1
2,1
1,1
0,0
19,0
16,0
13,0
11,0
15,0
9,0
19,0
0,0
13,0
10,2
11,2
3,2
14,2
11,2
7,2
14,2
14,0
10,0
17,2
