0,0
5,0
1,2
19,2
11,2
9,2
16,2
16,2
16,0
0,0
16,0
14,0
7,0
6,0
9,2
6,2
10,2
0,2
13,2
6,2
3,2
16,2
7,2
16,0
7,0
10,0
14,0
19,2
10,2
10,2
19,2
8,2
7,0
13,0
14,0
10,0
3,0
1,1
16,1
12,1
17,1
11,1
0,1
5,1
1,1
6,1
6,1
10,1
4,1
3,1
6,0
13,0
1,0
19,2
9,2
19,2
14,2
3,2
10,0
1,0
7,0
13,0
7,0
6,0
15,0
5,0
19,0
9,0
14,0
7,0
19,0
0,0
16,0
12,1
6,1
0,1
12,1
0,1
3,1
3,1
10,1
0,1
7,1
10,1
4,1
2,1
8,1
10,1
7,1
10,1
16,0
7,0
11,0
9,0
19,2
10,2
7,2
7,2
10,2
15,2
12,1
7,1
7,1
18,1
19,1
0,1
13,1
0,1
13,1
0,1
1,1
11,1
18,1
1,1
3,0
1,0
10,0
0,2
7,2
10,2
9,2
10,2
4,2
3,2
16,0
1,0
0,0
1,0
14,0
3,0
15,0
14,1
6,1
0,1
11,1
6,1
2,1
1,1
1,1
1,1
19,1
0,1
6,1
1,1
19,1
1,1
1,1
6,1
7,1
14,1
7,1
13,1
9,1
0,1
6,1
6,1
12,1
9,1
14,1
1,1
10,1
4,1
4,1
6,1
15,1
16,1
13,1
1,1
2,1
8,1
14,1
6,1
19,1
9,1
6,1
11,1
9,1
1,1
5,1
12,1
9,1
10,1
15,1
0,1
14,0
14,1
6,1
7,1
19,1
0,1
0,1
0,1
0,1
10,1
7,1
12,1
0,1
6,1
1,1
14,1
3,0
15,0
16,1
3,1
10,1
10,1
14,1
0,1
10,1
15,1
4,0
14,0
16,0
10,2
19,2
10,2
19,2
7,2
5,2
13,0
3,0
0,0
9,0
15,0
14,0
14,1
6,1
6,1
12,1
6,1
0,1
12,1
0,1
1,1
16,1
9,0
14,0
5,0
15,0
5,2
13,2
19,2
19,2
9,2
14,2
3,0
0,0
7,0
8,0
10,0
14,1
14,1
12,1
6,1
5,1
14,1
6,1
1,1
19,1
16,1
5,1
0,1
9,1
1,1
6,1
17,1
10,1
1,1
11,1
19,1
8,1
16,1
6,1
0,1
7,1
8,1
8,1
8,1
