16,0
16,0
14,1
15,1
1,1
1,1
1,1
10,1
12,1
1,1
3,1
13,1
11,1
11,1
10,1
5,1
6,1
3,1
14,1
14,0
0,0
7,0
19,0
15,2
7,2
0,2
14,2
16,2
6,0
3,0
2,0
9,0
10,0
16,0
17,2
6,2
0,2
9,2
9,2
13,2
7,2
14,0
5,0
6,0
16,0
14,0
13,0
6,0
3,0
7,0
16,0
13,2
11,2
10,2
15,2
10,2
6,2
13,2
16,0
6,0
6,0
18,0
14,0
2,0
11,0
14,0
14,0
16,0
19,2
11,2
13,2
9,2
15,0
11,0
12,0
13,0
8,0
14,0
2,0
19,0
18,0
0,0
3,0
7,0
15,0
9,0
4,0
10,0
3,1
9,1
10,1
5,1
2,1
1,0
17,0
15,0
14,0
16,0
18,0
3,0
19,1
0,1
0,1
9,1
10,1
16,1
15,1
9,1
5,1
15,1
10,1
10,1
3,1
6,1
14,1
2,0
14,0
2,0
15,0
14,0
0,0
2,0
15,1
10,1
0,1
0,1
5,1
10,1
18,1
5,1
6,1
2,1
1,1
1,1
6,1
18,1
6,1
11,1
1,1
19,1
5,1
5,1
9,1
19,1
6,1
5,1
15,1
17,1
10,1
16,0
16,0
14,0
15,0
1,0
1,0
1,0
10,0
12,0
1,0
3,0
13,0
11,0
11,0
10,0
5,0
6,0
3,0
14,0
14,0
0,0
7,0
19,0
15,0
7,0
0,0
14,0
16,0
6,0
3,0
2,0
9,0
10,0
16,0
17,0
6,0
0,0
9,0
9,0
13,0
7,0
14,0
5,0
6,0
16,0
14,0
13,0
6,0
3,0
7,0
16,0
13,0
11,0
10,0
15,0
10,0
6,0
13,0
16,0
6,0
6,0
18,0
14,0
2,0
11,0
14,0
14,0
16,0
19,0
11,0
13,0
9,0
15,0
11,0
12,0
13,0
8,0
14,0
2,0
19,0
18,0
0,0
3,0
7,0
15,0
9,0
4,0
10,0
3,0
9,0
10,0
5,0
2,0
1,0
17,0
15,0
14,0
16,0
18,0
3,0
19,0
0,0
0,0
9,0
10,0
16,0
15,0
9,0
5,0
15,0
10,0
10,0
3,0
6,0
14,0
2,0
14,0
2,0
15,0
14,0
0,0
2,0
15,0
10,0
0,0
0,0
5,0
10,0
18,0
5,0
6,0
2,0
1,0
1,0
6,0
18,0
6,0
11,0
1,0
19,0
5,0
5,0
9,0
19,0
6,0
5,0
15,0
17,0
10,0
16,0
16,0
14,0
15,0
1,0
1,0
1,0
10,0
12,0
1,0
3,0
13,0
11,0
11,0
10,0
5,0
6,0
3,0
14,0
14,0
0,0
7,0
19,0
15,0
7,0
0,0
14,0
16,0
6,0
3,0
2,0
9,0
10,0
16,0
17,0
6,0
0,0
9,0
9,0
13,0
7,0
14,0
5,0
6,0
16,0
14,0
13,0
6,0
3,0
7,0
16,0
13,0
11,0
10,0
15,0
10,0
6,0
13,0
16,0
6,0
6,0
18,0
14,0
2,0
11,0
14,0
14,0
16,0
19,0
11,0
13,0
9,0
15,0
11,0
12,0
13,0
8,0
14,0
2,0
19,0
18,0
0,0
3,0
7,0
15,0
9,0
4,0
10,0
3,0
9,0
10,0
5,0
2,0
1,0
17,0
15,0
14,0
16,0
18,0
3,0
19,0
0,0
0,0
9,0
10,0
16,0
15,0
9,0
5,0
15,0
10,0
10,0
3,0
6,0
14,0
2,0
14,0
2,0
15,0
14,0
0,0
2,0
15,0
10,0
0,0
0,0
5,0
10,0
18,0
5,0
6,0
2,0
1,0
1,0
6,0
18,0
6,0
11,0
1,0
19,0
5,0
5,0
9,0
19,0
6,0
5,0
15,0
17,0
10,0
