8,0
7,0
19,0
4,0
17,0
9,0
18,0
18,0
14,0
3,0
7,0
7,0
15,0
10,0
19,0
7,0
6,0
19,0
2,0
6,0
3,0
7,0
6,0
12,0
16,0
7,0
6,0
11,0
9,0
0,0
18,0
19,0
18,0
14,0
3,0
6,0
1,0
16,0
0,0
10,0
18,0
7,0
11,0
13,0
9,0
3,0
7,0
6,0
12,0
9,0
6,0
7,0
11,0
10,0
0,0
16,0
10,0
12,0
15,0
16,0
6,0
6,0
7,0
1,0
14,0
8,0
13,0
6,0
10,0
12,0
14,0
7,0
2,0
15,0
19,0
18,0
8,0
13,0
3,0
11,0
15,0
16,0
15,0
15,0
4,0
9,0
15,0
16,0
2,0
0,0
10,0
10,0
14,0
3,0
14,0
18,0
6,0
15,0
6,0
1,0
19,0
18,0
19,0
0,0
6,0
15,0
10,0
9,0
15,0
15,0
0,0
7,0
6,0
7,0
10,0
13,0
15,0
11,2
19,2
0,2
19,2
7,2
14,0
2,0
16,0
19,0
12,0
15,2
13,2
18,2
2,2
7,2
19,0
1,0
9,0
16,0
8,0
5,0
6,0
19,0
3,2
15,2
1,2
3,2
17,2
0,2
10,2
2,0
7,0
2,0
16,0
10,0
15,2
10,2
3,2
6,2
6,2
16,2
19,2
9,2
3,0
19,0
14,2
6,2
14,2
18,2
2,2
8,2
19,2
15,2
11,2
18,2
4,2
0,2
15,2
10,2
7,0
8,0
11,2
0,2
2,2
8,2
15,2
13,2
16,0
14,0
2,0
4,0
9,0
18,2
3,2
12,0
13,0
19,0
8,0
14,0
1,0
13,0
7,0
14,0
9,0
11,0
4,0
9,0
1,0
16,0
10,0
1,0
0,1
19,1
6,1
0,1
3,1
6,1
6,0
10,2
16,2
19,2
0,2
18,2
7,0
18,0
14,0
6,0
17,0
18,0
5,0
19,2
6,2
10,2
11,2
0,2
13,0
5,0
0,0
