0,0
3,0
11,0
6,0
10,0
11,0
13,0
10,2
19,2
19,2
3,2
3,0
13,0
15,1
16,1
12,1
1,1
1,1
9,1
19,1
1,1
2,1
10,1
10,1
11,1
6,1
10,1
7,1
13,0
2,0
2,0
19,0
6,2
6,2
0,2
6,2
3,0
7,1
19,1
3,1
0,1
10,1
2,1
11,1
10,1
5,1
0,1
7,1
7,1
18,0
7,0
13,0
19,2
9,2
15,2
3,2
17,2
2,0
12,0
14,0
2,0
12,0
3,0
7,1
10,1
6,1
10,1
10,1
11,1
16,1
9,1
1,1
0,1
3,1
7,1
0,0
12,0
15,0
0,0
10,0
14,0
19,0
10,2
12,2
19,2
16,2
0,2
6,0
0,0
11,0
11,1
6,1
2,1
19,1
9,1
0,1
0,1
0,1
5,1
0,1
7,1
0,0
15,0
7,0
18,2
19,2
19,2
11,2
14,0
13,0
16,0
0,1
0,1
16,1
10,1
6,1
6,1
11,1
10,1
2,1
11,1
9,1
13,1
6,1
11,1
10,1
7,1
12,1
