12,0
7,0
16,0
10,0
6,0
0,0
5,0
12,0
15,0
13,0
15,0
2,0
19,0
14,0
0,0
7,2
11,2
3,2
10,2
14,2
5,2
3,2
13,0
2,0
19,0
9,0
9,0
6,0
9,2
14,2
0,2
5,2
15,2
6,2
14,0
19,0
11,0
18,0
6,2
0,2
3,2
11,2
0,2
10,2
7,2
10,0
10,0
19,0
19,0
3,0
1,0
13,0
9,0
7,0
16,2
7,2
12,2
1,2
18,0
14,0
19,0
2,0
18,0
7,0
13,0
9,0
14,0
5,0
16,0
10,0
15,2
7,2
3,2
7,2
3,0
14,0
19,0
3,0
19,0
10,0
19,0
9,0
16,0
14,0
13,2
14,2
10,2
10,2
0,2
7,2
15,2
19,2
19,2
1,2
0,2
1,2
0,2
10,2
7,0
12,0
10,2
11,2
12,2
16,2
3,2
6,2
15,2
7,2
19,2
3,2
0,0
11,0
10,0
19,0
0,1
19,1
14,1
8,1
3,1
11,0
19,0
4,0
14,1
12,1
16,1
0,1
2,1
10,1
11,1
15,1
9,1
3,1
3,1
19,1
14,1
0,1
18,1
10,1
11,1
3,1
5,1
9,1
11,0
8,0
13,0
13,0
6,0
5,0
18,0
11,0
0,2
10,2
6,2
11,2
7,2
11,2
17,2
19,1
11,1
19,1
6,1
7,1
17,1
3,1
7,1
9,1
3,1
0,1
0,1
8,1
11,1
6,1
9,1
16,1
3,0
7,0
19,0
0,0
2,0
13,0
11,0
11,0
