6,0
17,0
11,0
0,0
1,0
1,1
13,1
17,1
0,1
15,1
19,0
7,0
9,0
8,0
11,0
6,2
6,2
7,2
7,2
17,2
0,2
19,0
10,0
10,2
3,2
6,2
1,2
14,2
10,2
1,0
16,0
14,2
7,2
11,0
5,0
14,0
10,0
1,0
10,0
14,0
16,0
6,0
0,0
10,0
0,0
10,1
0,1
9,1
0,1
6,1
6,1
17,1
5,1
0,1
19,1
5,1
6,1
19,1
9,1
3,0
14,0
2,0
0,0
12,0
14,1
10,1
16,1
1,1
15,1
0,1
2,1
15,1
0,1
9,1
6,1
11,1
19,1
0,1
14,1
5,1
13,1
3,1
0,1
19,1
0,1
0,1
12,1
10,1
7,1
3,1
18,1
7,1
7,1
16,1
3,1
10,1
10,1
15,1
18,1
1,1
0,1
3,1
0,0
14,2
6,2
0,0
10,0
19,0
1,1
0,1
5,1
0,1
6,1
7,1
17,1
3,1
14,1
10,1
9,1
3,1
17,1
0,1
0,1
16,1
6,1
10,1
1,1
0,1
14,1
10,1
1,1
9,0
16,0
8,0
7,0
19,0
9,0
14,2
19,2
14,0
5,0
3,0
14,0
19,0
19,0
10,0
10,1
11,1
10,1
1,1
0,1
6,1
19,1
0,1
15,1
10,1
3,1
14,1
13,1
7,1
10,0
16,1
0,1
10,1
8,1
3,1
10,1
19,1
16,1
10,1
14,1
7,1
15,1
10,1
9,1
10,0
7,0
10,1
0,1
19,1
9,1
1,1
7,1
1,1
9,1
3,1
0,1
14,0
16,0
0,0
8,1
0,1
10,1
15,1
1,1
9,1
3,1
6,1
6,1
13,1
5,1
0,1
6,1
1,1
17,1
7,1
1,1
3,1
6,1
6,1
0,1
6,0
0,1
5,1
0,1
0,1
15,1
1,1
10,1
0,1
0,1
12,1
1,1
3,1
15,1
6,1
1,1
13,1
17,1
8,1
10,1
16,1
1,1
6,1
17,1
11,1
0,1
1,0
1,0
13,0
17,0
0,0
15,0
19,0
7,0
9,0
8,0
11,0
6,0
6,0
7,0
7,0
17,0
0,0
19,0
10,0
10,0
3,0
6,0
1,0
14,0
10,0
1,0
16,0
14,0
7,0
11,0
5,0
14,0
10,0
1,0
10,0
14,0
16,0
6,0
0,0
10,0
0,0
10,0
0,0
9,0
0,0
6,0
6,0
17,0
5,0
0,0
19,0
5,0
6,0
19,0
9,0
3,0
14,0
2,0
0,0
12,0
14,0
10,0
16,0
1,0
15,0
0,0
2,0
15,0
0,0
9,0
6,0
11,0
19,0
0,0
14,0
5,0
13,0
3,0
0,0
19,0
0,0
0,0
12,0
10,0
7,0
3,0
18,0
7,0
7,0
16,0
3,0
10,0
10,0
15,0
18,0
1,0
0,0
3,0
0,0
14,0
6,0
0,0
10,0
19,0
1,0
0,0
5,0
0,0
6,0
7,0
17,0
3,0
14,0
10,0
9,0
3,0
17,0
0,0
0,0
16,0
6,0
10,0
1,0
0,0
14,0
10,0
1,0
9,0
16,0
8,0
7,0
19,0
9,0
14,0
19,0
14,0
5,0
3,0
14,0
19,0
19,0
10,0
10,0
11,0
10,0
1,0
0,0
6,0
19,0
0,0
15,0
10,0
3,0
14,0
13,0
7,0
10,0
16,0
0,0
10,0
8,0
3,0
10,0
19,0
16,0
10,0
14,0
7,0
15,0
10,0
9,0
10,0
7,0
10,0
0,0
19,0
9,0
1,0
7,0
1,0
9,0
3,0
0,0
14,0
16,0
0,0
8,0
0,0
10,0
15,0
1,0
9,0
3,0
6,0
6,0
13,0
5,0
0,0
6,0
1,0
17,0
7,0
1,0
3,0
6,0
6,0
0,0
6,0
0,0
5,0
0,0
0,0
15,0
1,0
10,0
0,0
0,0
12,0
1,0
3,0
15,0
6,0
1,0
13,0
17,0
8,0
10,0
16,0
1,0
