0,0
15,0
1,0
10,2
18,2
16,2
10,2
19,2
10,2
19,2
10,2
5,2
14,2
5,0
1,0
19,0
10,2
10,2
7,2
12,2
11,2
11,2
1,2
7,0
13,0
7,0
0,0
7,0
1,0
17,0
2,0
7,2
13,2
7,0
7,2
11,2
19,2
5,2
6,0
7,0
6,0
16,0
9,0
6,1
3,1
7,1
0,1
1,1
1,1
6,1
10,1
5,1
6,1
6,1
15,1
7,1
10,1
16,1
19,0
3,2
0,2
10,0
8,0
11,0
19,2
7,2
5,2
9,2
19,2
13,2
6,2
13,2
19,2
7,2
6,0
14,0
6,0
10,0
12,0
3,2
19,2
8,2
19,2
13,2
4,2
16,2
3,2
15,2
9,0
5,0
7,2
16,2
14,0
19,0
6,0
15,0
3,0
6,0
12,0
1,0
14,2
4,2
17,2
13,2
5,2
10,2
3,2
5,0
9,1
14,1
13,1
11,1
3,1
12,1
17,1
14,0
3,0
3,0
15,1
18,1
17,1
13,1
14,1
10,1
10,1
10,1
5,1
11,1
11,1
11,0
13,0
8,2
7,2
18,2
13,2
11,2
13,2
5,2
7,2
5,2
3,0
16,0
9,0
10,2
3,2
18,2
16,2
10,2
1,2
6,2
19,2
3,2
16,2
19,0
