15,0
14,0
11,0
19,0
16,0
19,0
7,0
7,0
15,0
19,0
7,0
7,0
19,0
15,0
10,0
5,0
0,0
1,0
5,0
0,0
5,0
10,0
1,0
10,0
1,0
10,2
18,2
0,2
19,2
19,2
5,2
7,2
1,2
12,2
5,0
16,0
9,0
0,0
6,0
1,0
1,0
18,0
1,2
19,2
15,2
7,2
10,2
14,2
10,2
1,2
18,2
0,2
13,2
3,0
10,0
6,2
19,2
3,2
1,2
10,2
6,2
7,2
6,2
0,2
10,2
18,2
10,2
1,0
16,0
6,0
10,0
15,2
17,2
19,2
7,2
19,2
0,2
0,2
19,2
5,1
0,1
15,1
0,1
17,1
5,0
5,0
19,0
0,2
0,2
7,2
19,2
3,2
6,2
1,2
19,2
1,2
10,0
19,0
1,0
1,0
3,0
4,0
13,0
14,2
2,2
4,2
16,2
0,2
15,2
14,2
11,0
19,0
16,0
19,0
7,2
7,2
15,2
19,2
7,2
7,0
19,2
15,2
10,0
5,0
0,0
1,0
5,0
0,0
5,0
10,0
1,0
10,0
1,0
10,0
18,0
0,0
19,0
19,0
5,0
7,0
1,0
12,0
5,0
16,0
9,0
0,0
6,0
1,0
1,0
18,0
1,0
19,0
15,0
7,0
10,0
14,0
10,0
1,0
18,0
0,0
13,0
3,0
10,0
6,0
19,0
3,0
1,0
10,0
6,0
7,0
6,0
0,0
10,0
18,0
10,0
1,0
16,0
6,0
10,0
15,0
17,0
19,0
7,0
19,0
0,0
0,0
19,0
5,0
0,0
15,0
0,0
17,0
5,0
5,0
19,0
0,0
0,0
7,0
19,0
3,0
6,0
1,0
19,0
1,0
10,0
19,0
1,0
1,0
3,0
4,0
13,0
14,0
2,0
4,0
16,0
0,0
0,0
1,0
14,0
6,0
6,0
14,0
11,0
19,0
16,0
19,0
7,0
7,0
15,0
19,0
7,0
7,0
19,0
15,0
10,0
5,0
0,0
1,0
5,0
0,0
5,0
10,0
1,0
10,0
1,0
10,0
18,0
0,0
19,0
19,0
5,0
7,0
1,0
12,0
5,0
16,0
9,0
0,0
6,0
1,0
1,0
18,0
1,0
19,0
15,0
7,0
10,0
14,0
10,0
1,0
18,0
0,0
13,0
3,0
10,0
6,0
19,0
3,0
1,0
10,0
6,0
7,0
6,0
0,0
10,0
18,0
10,0
1,0
16,0
6,0
10,0
15,0
17,0
19,0
7,0
19,0
0,0
0,0
19,0
5,0
0,0
15,0
0,0
17,0
5,0
5,0
19,0
0,0
0,0
7,0
19,0
3,0
6,0
1,0
19,0
1,0
10,0
19,0
1,0
1,0
3,0
4,0
13,0
14,0
2,0
4,0
16,0
