7,0
1,0
6,0
2,0
10,0
18,0
13,0
15,2
9,2
14,0
16,0
10,0
1,2
16,2
6,2
1,2
10,0
16,0
10,1
1,1
14,1
10,1
0,1
12,1
0,1
3,1
13,1
14,1
0,1
18,1
1,1
3,1
13,1
12,1
0,1
15,1
14,1
1,1
15,1
16,0
7,0
19,0
7,1
7,1
14,1
18,1
3,1
10,1
14,1
15,1
16,1
17,1
7,1
19,1
13,1
4,1
8,1
3,1
10,1
0,1
2,1
17,1
8,0
13,0
13,2
7,2
8,2
7,2
0,2
10,2
12,0
9,0
3,0
10,0
7,2
6,2
16,2
7,2
6,2
4,2
9,2
7,2
5,2
9,0
7,0
9,0
2,0
8,0
7,0
14,0
10,0
13,2
14,2
6,2
11,2
6,2
10,2
7,0
17,0
10,0
10,0
18,0
6,0
7,0
8,1
6,1
7,1
1,1
7,1
18,1
0,1
0,1
6,1
0,1
0,1
19,1
0,1
10,1
1,1
3,1
17,1
0,1
13,0
6,0
16,0
10,0
2,2
10,2
14,2
16,2
10,2
19,0
15,0
18,0
19,1
15,1
14,1
5,1
2,1
1,1
11,1
15,1
0,1
0,1
19,1
0,0
6,0
1,2
9,2
7,0
7,0
16,0
10,0
3,0
14,0
10,0
0,0
14,0
1,0
15,0
3,2
14,2
6,2
3,2
10,2
19,0
18,0
1,0
18,0
8,0
5,0
