6,0
2,0
15,0
2,0
5,0
0,0
13,0
0,0
15,0
0,0
16,0
2,0
3,0
9,0
3,0
11,0
2,0
15,0
8,0
3,0
1,0
19,0
3,0
18,0
10,0
2,0
3,0
7,0
3,0
8,0
15,0
6,0
2,0
1,0
1,0
17,0
16,0
2,0
17,0
15,0
14,0
16,0
14,0
15,0
15,0
2,0
14,0
6,0
19,0
15,0
0,0
7,0
19,0
9,0
13,0
1,0
6,0
2,0
7,0
11,0
9,0
19,0
6,0
1,0
16,0
19,0
0,0
5,0
0,0
11,0
10,0
8,0
13,0
13,0
0,0
3,0
15,0
7,0
16,0
3,0
0,0
14,0
15,0
11,0
10,0
19,0
10,0
6,0
1,0
18,0
19,0
7,0
14,0
7,0
13,0
6,0
19,0
14,0
16,0
18,0
18,0
15,0
2,0
18,0
5,0
0,0
18,0
6,0
15,0
7,0
8,0
14,0
13,0
2,0
2,0
14,0
6,0
2,0
17,0
6,0
0,0
19,0
14,0
18,0
1,0
0,0
3,0
11,0
3,0
9,0
0,0
0,0
7,0
3,0
6,0
9,0
2,0
19,0
16,0
13,0
11,0
0,0
19,0
11,0
0,0
11,0
0,0
12,0
1,0
17,0
1,0
12,0
6,0
1,0
11,0
0,0
3,0
11,0
15,0
7,0
19,0
0,0
12,0
9,0
6,0
12,0
16,0
13,0
10,0
0,0
14,0
15,0
6,0
10,0
19,0
14,0
1,0
7,0
15,0
8,0
12,0
2,0
14,0
2,0
18,0
3,0
6,0
2,0
15,0
2,0
5,0
0,0
13,0
0,0
15,0
0,0
16,0
2,0
3,0
9,0
3,0
11,0
2,0
15,0
8,0
3,0
1,0
19,0
3,0
18,0
10,0
2,0
3,0
7,0
3,0
8,0
15,0
6,0
2,0
1,0
1,0
17,0
16,0
2,0
17,0
15,0
14,0
16,0
14,0
15,0
15,0
2,0
14,0
6,0
19,0
15,0
0,0
7,0
19,0
9,0
13,0
1,0
6,0
2,0
7,0
11,0
9,0
19,0
6,0
1,0
16,0
19,0
0,0
5,0
0,0
11,0
10,0
8,0
13,0
13,0
0,0
3,0
15,0
7,0
16,0
3,0
0,0
14,0
15,0
11,0
10,0
19,0
10,0
6,0
1,0
18,0
19,0
7,0
14,0
7,0
13,0
6,0
19,0
14,0
16,0
18,0
18,0
15,0
2,0
18,0
5,0
0,0
18,0
6,0
15,0
7,0
8,0
14,0
13,0
2,0
2,0
14,0
6,0
2,0
17,0
6,0
0,0
19,0
14,0
18,0
1,0
0,0
3,0
11,0
3,0
9,0
0,0
0,0
7,0
3,0
6,0
9,0
2,0
19,0
16,0
13,0
11,0
0,0
19,0
11,0
0,0
11,0
0,0
12,0
1,0
17,0
1,0
12,0
6,0
1,0
11,0
0,0
3,0
11,0
15,0
7,0
19,0
0,0
12,0
9,0
6,0
12,0
16,0
13,0
10,0
0,0
14,0
15,0
