7,0
15,0
12,0
15,0
15,0
13,2
10,2
7,2
11,2
17,2
11,2
10,2
15,2
6,2
15,1
8,1
2,1
13,1
3,1
0,1
19,1
12,1
15,0
11,0
10,0
7,1
19,1
15,1
17,1
0,1
16,1
1,1
5,1
9,1
7,1
2,1
16,0
19,0
16,2
14,2
16,2
19,2
16,2
13,2
16,2
12,0
3,0
7,2
3,2
11,2
12,2
16,2
12,2
10,2
16,0
6,0
15,0
16,0
13,2
11,2
2,2
10,2
15,2
4,2
16,0
13,0
11,0
13,0
7,0
6,2
6,2
13,2
3,2
6,0
11,0
16,0
15,0
3,0
7,2
1,2
2,2
19,2
11,2
15,2
19,2
19,2
6,0
11,0
2,0
15,0
6,2
15,2
11,2
10,2
16,2
5,2
16,2
5,0
19,0
3,0
14,0
11,2
2,2
16,2
16,2
19,2
9,2
19,2
1,2
6,2
19,0
3,0
7,2
3,2
16,2
12,2
11,2
16,2
16,2
19,2
16,0
19,0
7,2
3,2
19,2
16,2
0,2
9,2
1,2
2,2
18,2
11,0
1,0
10,0
15,0
