12,0
11,0
1,0
5,0
17,0
0,0
10,0
6,0
3,0
13,0
6,0
9,0
7,0
1,0
14,0
10,0
7,0
11,0
7,0
11,0
13,0
7,0
2,0
19,0
18,0
10,0
0,0
1,0
6,0
11,0
5,0
15,0
11,0
13,0
9,0
10,0
0,0
10,0
11,0
19,0
10,0
13,0
11,0
0,0
5,0
10,0
6,0
11,0
0,0
7,0
19,0
6,0
8,0
5,0
10,0
1,0
1,0
6,0
19,0
6,0
9,0
5,0
15,0
8,0
10,0
1,0
8,0
14,0
2,0
9,0
10,0
1,0
10,0
18,0
7,0
18,0
13,0
8,0
3,0
0,0
16,0
1,0
19,0
18,0
10,0
9,0
10,0
6,0
18,0
0,0
14,0
10,0
7,0
16,0
19,0
18,0
1,0
6,0
10,0
5,0
11,0
10,0
15,0
11,0
13,0
3,0
6,0
5,0
1,0
16,0
0,0
16,0
18,0
9,0
16,0
6,0
10,0
0,0
2,0
0,0
10,0
15,0
18,0
4,0
8,0
15,0
11,0
1,0
19,1
9,1
8,1
1,0
3,2
9,2
11,2
14,2
6,2
2,2
10,2
10,2
10,2
7,0
15,0
0,0
7,2
6,2
10,2
11,2
9,2
0,2
3,2
13,2
10,0
3,0
18,0
10,0
14,2
14,2
6,2
12,2
9,2
6,2
7,2
1,2
12,2
8,1
3,1
6,1
11,1
19,1
3,1
10,0
17,0
15,1
10,1
7,1
19,1
10,1
4,1
18,1
6,1
13,1
10,1
19,1
7,1
11,1
14,1
14,1
13,0
6,0
0,0
2,0
16,0
18,0
5,0
6,2
16,2
18,2
11,2
1,2
9,2
15,0
1,0
19,0
6,2
13,2
16,2
13,2
14,2
3,2
13,0
19,0
16,0
6,0
7,0
0,0
1,1
3,1
10,1
9,1
15,1
1,1
10,1
10,1
11,1
8,1
2,0
14,0
15,1
5,1
1,1
14,1
12,1
10,1
1,1
6,1
19,1
10,1
6,1
8,1
14,1
17,1
9,1
16,1
0,1
2,1
15,1
15,1
11,1
14,1
15,0
