16,0
19,2
0,2
18,2
9,2
0,2
9,2
7,2
15,2
2,0
10,0
0,0
15,0
14,1
10,1
6,1
5,1
19,1
2,1
0,1
0,1
10,1
11,1
0,1
10,1
7,1
3,1
9,0
14,0
6,0
15,2
8,2
9,2
10,2
16,2
19,2
15,0
15,0
13,0
18,2
1,2
16,2
14,0
14,0
10,0
7,0
14,0
5,0
3,0
5,0
14,0
3,0
18,2
10,2
2,2
0,2
0,2
19,2
0,2
10,2
6,2
16,2
15,0
10,0
0,1
14,1
6,1
6,1
10,1
10,1
2,1
8,1
16,1
5,1
1,1
9,1
6,1
10,1
5,1
5,1
7,1
1,0
7,0
7,0
14,0
1,0
16,0
10,0
3,0
10,0
3,0
9,0
12,0
10,0
13,2
7,2
2,2
6,2
19,2
9,2
2,2
16,0
6,0
1,0
10,0
16,2
19,2
14,0
8,0
18,0
3,0
12,2
11,2
2,0
1,0
7,0
13,1
12,1
10,1
17,1
14,1
10,1
13,1
6,1
9,1
0,1
14,1
6,1
10,1
19,1
13,1
14,1
3,0
7,0
6,0
12,0
10,0
1,0
5,0
9,0
10,0
8,1
16,1
1,1
0,1
13,1
3,1
11,1
10,1
2,1
11,0
17,0
