13,0
1,0
2,0
18,0
16,0
15,0
7,0
14,0
10,0
10,0
3,0
1,0
19,0
13,0
16,0
16,0
18,0
11,0
10,0
12,0
8,0
16,0
8,0
5,0
16,0
19,0
3,0
13,0
19,0
15,0
1,0
11,0
1,0
9,0
5,0
18,1
7,1
15,1
13,1
15,1
18,1
11,1
11,1
12,1
16,1
9,1
12,1
6,1
0,1
19,1
7,1
12,0
10,1
3,1
3,1
10,1
19,1
3,1
6,1
15,1
3,1
14,1
3,1
19,1
3,0
13,0
14,0
2,0
15,2
13,2
8,2
0,0
13,1
5,1
16,1
0,1
6,1
7,1
9,1
1,1
11,1
0,1
8,0
14,0
3,0
11,0
3,0
17,0
13,0
8,0
10,0
19,0
7,0
10,1
10,1
8,1
3,1
10,1
7,1
11,1
9,1
12,1
0,1
10,1
17,1
7,1
6,1
14,1
5,1
17,1
0,1
19,0
19,1
7,1
3,1
16,1
13,1
14,1
19,1
7,1
4,1
1,1
14,1
5,1
0,1
15,1
19,1
19,1
13,1
4,1
3,1
15,1
16,0
13,0
5,0
3,0
2,0
14,0
3,0
10,0
5,0
3,0
14,0
1,0
18,0
15,0
16,0
6,0
10,0
7,0
12,0
18,0
5,0
14,0
8,0
4,0
7,0
10,0
6,0
2,0
19,0
10,0
12,0
15,0
17,0
7,0
8,0
3,0
6,0
18,0
10,0
18,0
5,0
12,0
12,0
11,0
13,0
2,0
11,0
13,0
15,0
10,0
14,0
15,0
6,0
0,0
13,0
18,0
12,0
9,0
1,0
13,0
8,1
15,1
13,1
18,1
14,1
17,1
8,1
16,1
7,1
7,1
3,1
18,1
1,1
5,1
10,0
4,0
15,0
5,1
5,1
3,1
10,1
3,1
12,1
10,1
14,1
17,1
19,1
5,1
6,0
13,0
2,0
11,0
13,0
3,0
10,0
18,0
16,0
11,0
4,0
14,0
3,0
10,0
14,0
3,1
19,1
6,1
15,1
10,1
1,1
14,1
18,1
18,1
5,1
7,1
10,1
9,1
3,1
11,1
18,1
4,1
14,1
7,1
16,1
10,1
15,0
17,0
