15,0
8,0
8,0
17,0
7,0
18,0
7,0
11,0
8,0
2,0
7,0
14,1
6,1
8,1
17,1
8,1
11,0
3,0
13,0
14,1
9,1
0,1
11,1
7,1
6,1
1,0
5,0
15,0
14,0
19,0
3,0
9,2
3,2
16,0
8,0
16,0
0,0
11,0
18,2
3,2
14,0
15,0
10,0
11,0
14,0
10,0
15,2
19,2
15,2
18,2
3,0
5,0
0,0
16,0
15,0
10,2
1,2
9,2
10,2
2,2
2,2
7,0
8,0
0,0
13,0
2,2
19,2
6,2
13,2
3,2
3,0
15,0
5,0
3,0
11,0
0,0
19,0
10,2
11,2
7,2
7,2
14,0
10,0
3,0
7,0
16,0
18,0
1,2
10,2
9,2
5,2
13,2
8,2
13,2
8,2
17,2
7,2
15,0
10,0
3,0
7,0
5,0
7,0
15,0
6,0
8,0
16,0
19,2
3,2
11,0
11,0
11,0
18,0
0,0
0,0
6,2
10,2
8,2
10,2
19,2
8,2
17,2
2,2
16,2
11,0
18,1
7,1
3,1
13,1
7,1
11,1
0,1
19,1
5,1
5,0
14,0
3,0
7,0
10,0
0,2
19,2
10,2
7,2
9,2
13,2
10,2
11,2
19,2
7,2
15,0
0,0
11,0
14,1
7,1
10,1
5,1
11,1
19,1
19,1
3,1
19,1
10,1
3,1
15,1
9,1
11,1
16,1
11,0
7,0
11,0
15,0
0,2
3,2
13,2
16,0
2,0
13,0
3,0
14,1
1,1
7,1
10,1
10,1
14,1
6,0
15,0
10,0
3,0
18,0
17,2
16,2
18,2
14,2
7,2
15,2
10,0
16,0
16,0
14,0
14,0
10,0
10,0
6,0
4,0
19,0
16,2
17,2
9,2
19,2
10,2
11,2
6,0
14,0
9,0
15,2
19,2
15,2
15,1
6,1
5,1
19,1
10,1
11,1
13,1
1,1
11,1
10,0
2,0
13,0
2,0
7,0
6,0
7,0
6,0
14,0
6,0
6,0
10,0
12,0
19,0
3,0
2,0
17,0
1,0
14,0
0,0
5,0
14,0
10,0
11,0
2,0
1,0
5,0
9,0
11,0
0,2
15,2
13,0
11,0
