6,0
7,0
14,0
6,0
7,0
0,0
2,0
10,0
13,0
9,0
18,0
8,0
10,0
14,2
5,2
6,2
13,2
7,2
3,0
5,0
3,0
9,0
10,0
5,0
12,1
13,1
12,1
14,1
13,1
7,1
2,1
19,1
9,1
15,1
0,1
11,1
19,1
13,0
9,2
3,2
11,2
5,2
16,2
2,2
10,2
15,2
11,0
4,0
13,0
7,0
13,0
19,0
15,2
18,2
3,2
2,2
14,2
19,2
15,2
0,2
5,2
0,0
0,1
9,1
5,1
0,1
12,1
2,1
7,1
13,1
5,1
9,1
7,1
12,1
11,1
1,0
10,0
11,2
19,2
5,0
10,0
11,2
6,2
7,0
14,2
6,2
7,2
0,2
2,0
10,0
13,0
9,0
18,0
8,0
10,0
14,0
5,0
6,0
13,0
7,0
3,0
5,0
3,0
9,0
10,0
5,0
12,0
13,0
12,0
14,0
13,0
7,0
2,0
19,0
9,0
15,0
0,0
11,0
19,0
13,0
9,0
3,0
11,0
5,0
16,0
2,0
10,0
15,0
11,0
4,0
13,0
7,0
13,0
19,0
15,0
18,0
3,0
2,0
14,0
19,0
15,0
0,0
5,0
0,0
0,0
9,0
5,0
0,0
12,0
2,0
7,0
13,0
5,0
9,0
7,0
12,0
11,0
1,0
10,0
11,0
19,0
5,0
10,0
11,0
1,0
