12,0
7,0
2,0
19,0
3,0
10,0
19,0
13,0
10,0
13,0
3,0
7,0
15,0
12,0
15,0
10,0
5,0
14,0
3,0
6,0
13,0
5,0
11,0
9,0
10,0
3,0
13,0
12,0
11,0
3,0
19,0
12,0
11,0
11,0
10,0
15,0
2,0
16,0
15,0
18,0
5,0
13,0
0,0
0,0
19,0
5,0
13,0
15,0
16,0
15,0
18,0
11,0
16,0
6,0
13,0
3,0
13,0
15,0
3,0
18,0
19,0
11,0
1,0
11,0
3,0
14,0
3,0
0,0
10,0
10,0
11,0
8,0
19,0
11,0
8,0
12,0
10,0
10,0
10,0
16,0
2,0
16,0
13,0
7,0
0,0
9,0
2,0
18,0
19,0
0,0
16,0
6,0
19,0
13,0
1,0
6,0
6,0
10,0
7,0
0,0
1,0
14,0
3,0
0,0
16,0
11,0
19,0
10,0
9,0
9,0
9,0
16,0
3,0
7,0
6,0
0,0
16,0
3,0
15,0
7,0
2,0
9,0
3,0
0,0
0,0
11,0
3,0
9,0
9,0
1,2
18,2
9,2
9,2
7,2
9,2
7,2
11,2
8,0
13,0
5,0
16,0
11,0
6,1
15,1
5,1
6,1
16,1
10,1
8,1
11,1
13,1
0,1
15,1
11,1
14,1
0,1
15,1
6,1
13,1
19,1
4,1
9,0
10,0
3,0
16,0
13,2
6,2
4,2
10,2
11,2
3,2
10,2
13,2
16,0
