0,0
11,0
14,0
15,0
10,1
2,1
18,1
8,1
16,1
11,1
2,1
10,1
15,1
6,1
10,1
19,0
15,0
2,0
9,0
11,0
9,2
1,2
10,2
10,2
3,2
12,2
2,0
9,0
18,0
15,0
6,0
19,2
9,2
19,2
3,0
2,0
6,0
3,0
19,0
1,0
9,1
9,1
3,1
3,1
10,1
10,1
11,1
15,1
10,1
11,1
3,1
15,1
2,1
13,0
9,2
2,2
6,0
6,0
0,0
10,0
14,0
2,0
11,0
14,0
10,0
18,0
11,2
9,2
13,2
9,2
3,2
10,2
2,0
15,0
6,0
11,0
18,2
19,2
9,2
3,2
9,2
18,2
7,0
3,0
3,0
10,0
9,2
16,2
10,2
18,2
14,2
17,2
3,0
15,0
3,0
19,0
1,0
11,0
3,0
18,2
10,2
15,2
10,2
11,0
3,0
9,0
14,0
2,1
15,1
13,1
11,1
10,1
6,1
14,1
13,1
4,1
5,1
18,1
19,1
13,1
2,1
11,1
