2,0
5,2
5,2
9,2
4,0
3,0
1,0
18,0
7,0
16,2
16,2
16,2
9,2
5,0
3,0
1,0
18,2
19,2
19,2
5,2
2,0
2,0
1,0
17,0
7,0
16,0
15,0
0,0
16,0
5,2
4,2
9,2
2,2
19,2
16,0
7,0
2,0
7,0
13,2
6,2
9,2
16,2
5,2
0,2
3,0
7,0
15,0
19,0
14,0
16,0
2,0
7,0
0,0
14,0
11,0
15,0
18,0
14,0
15,2
19,2
18,2
3,2
7,2
4,2
8,2
18,0
7,0
2,2
4,2
0,0
14,0
1,0
16,0
16,0
10,0
14,0
12,0
1,0
9,0
15,1
15,1
9,1
7,0
15,0
0,0
14,2
15,2
15,2
19,2
15,2
18,2
1,2
18,0
16,0
7,0
2,0
7,0
19,0
18,0
2,0
0,0
0,0
18,0
3,0
9,0
17,0
10,0
3,0
14,0
16,0
14,0
1,0
16,0
2,0
7,0
19,0
2,0
1,0
16,0
6,0
9,0
12,0
9,0
17,0
13,0
2,0
1,0
19,0
7,0
14,0
19,0
5,0
14,0
9,0
7,0
15,0
14,0
19,0
7,0
16,0
0,0
8,0
19,0
7,0
7,0
1,0
15,0
17,0
6,0
19,0
17,0
16,0
7,0
15,0
2,0
7,0
15,0
2,0
3,0
19,0
9,0
15,0
13,0
10,0
0,0
14,0
15,0
0,0
9,0
15,0
15,2
17,2
15,2
13,2
3,2
19,1
11,1
3,1
13,1
19,1
3,1
5,1
0,1
19,1
15,1
8,1
7,0
10,0
0,0
16,0
14,0
3,0
17,0
18,2
10,2
16,2
15,2
9,2
5,2
0,2
7,2
13,2
6,2
14,2
17,2
6,2
7,0
7,0
16,0
7,0
10,0
0,2
19,2
2,2
15,2
13,2
15,2
15,2
0,0
19,0
2,0
0,0
