3,0
11,0
16,0
13,0
10,0
6,0
2,0
2,0
5,0
13,1
16,1
3,1
6,1
7,1
19,1
11,1
19,1
18,0
6,0
13,1
9,1
13,1
7,1
6,1
2,1
18,1
9,1
15,1
15,1
7,1
7,1
10,1
6,0
0,0
16,0
11,0
11,0
9,0
10,1
15,1
3,1
9,1
6,1
10,1
2,1
6,1
2,1
15,1
11,0
19,0
10,0
3,0
9,0
7,0
15,0
7,0
10,0
7,2
7,2
7,2
4,2
12,2
18,0
9,0
2,0
6,0
11,1
18,1
7,1
0,1
8,1
16,1
8,1
7,1
9,1
3,1
9,1
4,1
15,0
2,2
9,2
19,2
2,2
12,2
0,2
2,0
6,1
1,1
19,1
15,1
7,1
2,1
2,1
11,1
9,1
9,1
13,1
6,0
0,0
2,0
3,0
9,0
10,0
16,2
11,2
6,2
13,2
14,2
6,0
2,0
2,0
13,0
3,0
10,0
9,0
18,0
15,0
1,0
3,0
0,0
9,2
10,2
8,2
10,2
15,2
10,2
6,2
2,0
11,1
2,1
11,1
10,1
13,1
5,1
11,1
4,1
18,1
11,1
17,1
10,1
11,1
14,1
16,1
7,1
16,1
10,1
10,1
9,1
16,2
3,2
18,2
4,2
0,2
16,2
6,2
11,2
6,2
2,2
17,2
3,2
3,2
6,2
13,0
11,1
6,1
18,1
19,1
11,1
5,1
1,1
11,1
18,1
16,1
10,1
9,1
16,1
19,1
6,1
6,1
18,1
0,0
3,0
9,0
10,0
16,1
0,1
4,1
2,1
13,1
11,1
2,1
19,1
19,1
15,1
11,1
3,1
10,0
15,0
3,2
18,2
17,2
2,2
5,2
10,2
10,2
6,1
19,1
6,1
8,1
11,1
18,1
10,1
8,1
6,1
2,1
11,1
6,1
6,1
13,1
10,1
11,1
10,1
13,1
15,1
6,1
11,1
11,1
13,1
9,1
15,1
10,1
3,1
3,1
7,1
17,1
15,1
1,1
11,1
9,1
11,1
3,1
15,1
11,1
1,1
11,1
12,1
5,1
1,1
17,1
7,1
18,1
13,1
11,1
0,0
16,0
11,2
2,2
