0,0
6,2
19,2
10,2
10,2
7,0
15,0
15,0
3,0
7,0
7,0
10,0
0,0
13,0
19,0
14,0
15,0
3,2
10,2
15,2
9,2
0,2
15,0
7,0
6,0
11,2
9,2
16,2
13,2
11,2
2,2
2,0
0,0
7,0
13,0
14,0
8,0
2,0
3,0
10,0
13,0
3,0
6,0
3,0
6,0
19,0
14,0
0,0
7,0
19,0
3,0
19,1
16,1
11,1
9,1
15,0
12,0
14,0
6,0
6,0
3,0
10,0
10,0
2,0
0,0
14,0
7,0
6,0
6,2
18,2
15,2
19,2
16,2
10,0
16,0
6,0
11,0
7,2
16,2
18,2
11,2
13,2
18,2
4,0
0,1
14,1
8,1
0,1
7,1
0,1
7,0
12,0
19,2
7,2
11,2
19,2
16,2
19,2
2,2
0,0
6,0
19,0
10,0
10,0
7,0
15,0
15,0
3,0
7,0
7,0
10,0
0,0
13,0
19,0
14,0
15,0
3,0
10,0
15,0
9,0
0,0
15,0
7,0
6,0
11,0
9,0
16,0
13,0
11,0
2,0
2,0
0,0
7,0
13,0
14,0
8,0
2,0
3,0
10,0
13,0
3,0
6,0
3,0
6,0
19,0
14,0
0,0
7,0
19,0
3,0
19,0
16,0
11,0
9,0
15,0
12,0
14,0
6,0
6,0
3,0
10,0
10,0
2,0
0,0
14,0
7,0
6,0
6,0
18,0
15,0
19,0
16,0
10,0
16,0
6,0
11,0
7,0
16,0
18,0
11,0
13,0
18,0
4,0
0,0
14,0
8,0
0,0
7,0
0,0
7,0
12,0
19,0
7,0
11,0
19,0
16,0
19,0
2,0
