7,0
10,0
18,0
19,0
7,2
7,2
13,2
19,2
3,2
19,2
19,2
15,2
4,2
14,2
11,2
10,0
6,0
5,0
6,0
10,0
18,0
10,0
3,2
14,2
3,2
5,1
19,1
16,1
3,1
18,1
10,1
14,1
19,1
16,1
6,0
14,0
10,0
14,0
9,0
16,0
9,2
6,2
8,2
10,2
14,0
6,0
16,1
6,1
19,1
7,1
17,1
16,0
10,2
7,2
10,2
13,2
5,2
19,2
15,2
8,2
7,2
9,0
13,0
4,2
16,2
7,2
0,2
9,2
16,2
15,2
14,2
0,0
13,1
10,1
6,1
10,1
0,1
15,1
1,1
10,1
0,1
3,1
16,1
15,1
8,1
19,1
0,1
1,1
0,1
14,1
19,1
11,1
2,1
10,1
14,1
11,0
6,0
14,0
10,0
10,1
6,1
9,1
10,1
8,1
16,1
17,1
10,1
14,1
7,1
10,1
15,0
10,2
15,2
15,2
9,2
8,2
14,2
1,0
6,1
10,1
15,1
5,1
16,1
14,1
15,0
7,0
14,0
19,0
13,0
5,0
8,0
19,2
15,2
10,2
4,2
0,2
10,2
7,2
1,0
1,0
1,0
7,0
16,0
19,0
0,0
19,0
18,0
7,0
8,2
3,2
0,2
6,0
17,1
19,1
19,1
15,1
1,1
13,1
15,1
15,1
19,0
15,0
11,0
15,0
6,1
1,1
0,1
8,1
9,1
10,1
5,1
8,1
19,1
15,1
15,1
4,1
1,1
10,1
6,1
3,1
10,1
15,1
16,1
14,1
2,0
13,0
19,0
15,0
14,0
10,0
7,1
10,1
18,1
19,1
7,1
7,1
13,0
19,0
3,0
19,0
19,0
15,0
4,0
14,0
11,0
10,0
6,0
5,0
6,0
10,0
18,0
10,0
3,0
14,0
3,0
5,0
19,0
16,0
3,0
18,0
10,0
14,0
19,0
16,0
6,0
14,0
10,0
14,0
9,0
16,0
9,0
6,0
8,0
10,0
14,0
6,0
16,0
6,0
19,0
7,0
17,0
16,0
10,0
7,0
10,0
13,0
5,0
19,0
15,0
8,0
7,0
9,0
13,0
4,0
16,0
7,0
0,0
9,0
16,0
15,0
14,0
0,0
13,0
10,0
6,0
10,0
0,0
15,0
1,0
10,0
0,0
3,0
16,0
15,0
8,0
19,0
0,0
1,0
0,0
14,0
19,0
11,0
2,0
10,0
14,0
11,0
6,0
14,0
10,0
10,0
6,0
9,0
10,0
8,0
16,0
17,0
10,0
14,0
7,0
10,0
15,0
10,0
15,0
15,0
9,0
8,0
14,0
1,0
6,0
10,0
14,0
15,0
7,0
14,0
19,0
13,0
5,0
8,0
19,0
15,0
10,0
4,0
0,0
10,0
7,0
1,0
1,0
1,0
7,0
16,0
19,0
0,0
19,0
18,0
7,0
8,0
3,0
0,0
6,0
17,0
19,0
19,0
15,0
1,0
13,0
15,0
15,0
19,0
15,0
11,0
15,0
6,0
1,0
0,0
8,0
9,0
10,0
5,0
8,0
19,0
15,0
15,0
4,0
1,0
10,0
6,0
3,0
10,0
15,0
16,0
14,0
2,0
13,0
19,0
15,0
14,0
10,0
6,0
16,0
10,0
