0,0
3,0
14,0
3,0
14,0
12,0
11,0
2,0
16,0
4,0
11,0
10,0
10,0
19,0
19,0
0,0
3,0
8,0
1,0
13,0
18,0
1,0
18,0
12,0
7,0
1,0
7,0
6,0
6,0
15,0
16,0
16,0
16,0
2,0
18,0
10,0
9,0
6,0
10,0
9,0
3,0
1,0
19,0
3,0
3,0
9,0
18,0
1,0
2,0
16,0
0,0
17,0
3,0
2,0
0,0
7,0
13,0
11,0
7,0
18,0
7,0
9,0
5,0
9,0
6,0
5,0
9,0
1,0
9,0
10,0
11,0
15,0
14,0
5,0
6,0
19,0
11,0
14,0
7,0
6,0
11,0
8,0
18,0
2,0
12,0
0,0
11,0
15,0
18,0
14,0
2,0
6,0
6,0
11,0
3,0
0,0
17,0
3,0
19,0
11,0
12,0
10,0
10,0
6,0
5,0
13,0
15,0
13,0
3,0
9,0
0,0
6,0
6,0
0,0
15,0
11,0
19,0
4,0
10,0
0,0
8,0
10,0
13,0
16,0
18,0
5,0
3,0
13,0
3,0
12,0
7,0
16,0
10,0
7,0
10,0
0,0
18,0
7,0
7,0
15,0
14,0
1,0
0,0
2,0
15,0
8,0
7,0
7,0
19,0
4,0
14,0
11,0
0,0
18,0
18,0
15,0
14,0
19,0
7,0
11,0
11,0
2,0
9,0
18,0
10,0
2,0
15,0
7,0
10,0
16,0
15,0
16,0
11,0
2,0
18,0
7,0
11,0
16,0
9,0
10,0
16,0
11,0
6,0
0,0
3,0
10,0
19,0
16,0
16,0
8,0
6,0
10,0
7,0
8,0
2,0
13,0
7,0
0,0
6,0
8,0
3,0
14,0
3,0
7,0
10,0
0,0
6,0
4,0
0,0
14,0
2,0
6,0
3,0
5,0
7,0
7,0
11,0
18,0
19,0
12,0
18,0
14,0
9,0
0,2
19,2
15,2
7,2
3,2
8,2
6,2
2,2
2,1
11,1
12,1
13,1
15,1
5,1
4,1
15,1
11,0
5,0
15,0
9,1
18,1
11,1
16,1
9,1
6,1
15,1
11,1
0,1
5,1
6,1
4,1
13,1
5,1
6,1
1,1
15,1
2,1
0,1
14,1
12,1
11,1
2,0
16,0
4,0
11,0
10,0
10,0
19,0
19,0
0,0
3,0
8,0
1,2
13,2
18,2
1,2
18,2
12,2
7,2
1,2
7,2
6,0
6,0
15,0
16,0
16,0
16,0
2,0
18,0
10,0
9,0
6,0
10,0
9,0
3,0
1,0
19,0
3,0
3,0
9,0
18,0
1,0
2,0
16,0
0,0
17,0
3,0
2,0
0,0
7,1
13,1
11,1
7,1
18,1
7,1
9,1
5,1
9,1
6,1
5,1
9,1
1,1
9,1
10,1
11,1
15,1
14,1
5,0
6,0
19,0
11,2
14,2
7,2
6,2
11,2
8,2
18,0
2,0
12,0
0,1
11,1
15,1
18,1
14,1
2,0
6,2
6,2
11,2
3,0
0,0
17,0
3,0
19,0
11,0
12,0
10,0
10,0
6,0
5,0
13,0
15,0
13,0
3,0
9,0
0,2
6,2
6,2
0,2
15,0
11,0
19,0
4,0
10,2
0,2
8,2
10,2
13,0
16,0
18,2
5,2
3,2
13,2
3,2
12,0
7,2
16,2
10,0
7,0
10,2
0,2
18,0
7,1
7,1
15,1
14,1
1,1
0,1
2,1
15,1
8,1
7,1
7,1
19,1
4,1
14,1
11,1
0,1
18,1
18,0
15,0
14,0
19,0
7,0
11,0
11,0
2,0
9,1
18,1
10,1
2,1
15,1
7,0
10,1
16,1
15,1
16,1
11,1
2,0
18,0
7,0
11,0
16,0
9,0
10,0
16,0
11,0
6,0
0,0
3,0
10,0
19,1
16,1
16,1
8,1
6,1
10,1
7,0
8,1
2,1
13,1
7,1
0,1
6,1
8,1
3,1
14,1
3,1
7,1
10,1
0,1
6,1
4,1
0,1
14,1
2,1
6,1
3,1
5,0
7,0
7,0
11,0
18,0
19,0
12,0
18,0
14,0
9,0
0,0
19,0
15,0
7,0
3,0
8,0
6,0
2,0
2,0
11,0
12,0
13,0
15,0
5,0
4,0
15,0
11,0
5,0
15,0
9,0
18,0
11,0
16,0
9,0
6,0
15,0
11,0
0,0
5,0
6,0
4,0
13,0
5,0
6,0
1,0
15,0
2,0
