12,0
5,2
13,2
15,2
11,2
12,2
8,2
7,2
10,0
7,0
2,2
3,2
13,2
19,2
19,2
19,2
3,2
7,0
19,0
16,0
5,0
2,0
19,0
13,0
13,0
16,0
14,1
6,1
16,1
9,1
1,1
1,1
10,1
0,1
2,0
1,0
8,0
4,0
7,0
9,0
7,0
13,0
3,0
5,2
10,2
10,2
9,2
19,2
6,2
0,0
14,0
18,0
3,0
14,0
6,0
10,0
3,0
13,0
8,2
18,2
1,2
9,2
13,2
2,2
0,0
3,0
7,0
15,0
6,0
19,0
15,0
5,0
4,0
7,0
2,0
7,0
0,1
1,1
4,1
13,1
0,1
1,1
13,1
19,1
16,1
10,1
11,0
7,0
10,0
16,0
2,0
11,0
11,0
3,2
9,2
15,2
19,2
15,2
16,0
5,0
11,0
7,0
2,2
12,2
19,2
10,2
16,2
19,2
11,0
3,0
12,0
2,0
5,0
9,2
1,2
19,2
2,2
12,0
7,0
6,0
14,0
9,0
17,0
6,0
14,1
0,1
11,1
9,0
14,0
13,0
16,0
0,0
2,0
11,0
13,0
6,0
11,0
2,0
18,2
9,2
10,2
1,2
16,2
3,0
9,0
5,2
16,2
19,2
10,2
4,2
7,2
0,2
19,2
15,2
12,0
7,0
2,0
14,2
8,2
4,2
19,2
19,2
5,2
19,0
3,0
3,0
9,0
5,0
16,0
0,0
2,0
19,1
6,1
5,1
10,1
7,1
14,1
10,1
10,1
6,1
15,0
8,0
6,0
1,0
13,0
14,0
6,0
1,0
19,0
2,2
0,2
7,2
13,2
12,2
5,2
9,2
9,2
2,2
11,0
6,0
8,2
9,2
11,2
10,2
1,2
19,2
18,2
6,0
1,0
7,0
0,0
7,0
6,0
16,0
5,0
0,0
4,0
7,1
15,1
7,1
0,1
4,1
0,1
0,1
19,1
0,1
19,1
7,1
9,1
12,1
5,0
7,0
10,0
10,0
2,0
2,0
2,0
19,2
5,2
19,2
3,2
10,0
14,0
7,0
7,0
15,2
10,2
12,2
9,2
6,2
17,0
2,0
7,0
19,0
7,0
8,0
14,0
10,0
18,2
12,2
16,2
7,2
6,0
0,0
16,2
8,2
9,2
18,2
3,2
7,2
13,2
9,0
16,0
10,0
