2,0
5,0
9,0
3,0
10,0
2,0
19,0
16,0
4,0
1,0
18,0
0,0
7,0
19,0
13,0
8,0
19,0
6,0
11,0
2,0
7,0
1,0
18,0
15,0
9,2
15,2
1,2
16,2
6,2
0,2
0,0
3,0
10,2
4,2
5,0
0,0
13,2
2,2
15,2
16,2
10,2
14,2
16,0
12,0
3,0
5,0
12,0
11,0
10,1
0,1
10,1
15,1
11,1
7,1
13,1
6,1
16,1
4,1
1,1
18,1
7,0
13,0
9,0
6,0
7,0
2,1
19,1
19,1
9,1
14,1
1,1
9,1
8,1
14,1
2,1
0,1
9,0
4,0
0,0
0,0
2,0
8,0
16,0
7,2
19,2
18,0
9,0
10,0
19,0
16,2
15,2
2,2
16,2
15,2
8,0
18,0
3,0
16,0
18,0
4,0
13,1
2,1
0,1
15,1
0,1
14,0
14,2
6,2
6,2
3,2
4,0
16,0
15,0
19,0
16,0
3,0
10,0
14,0
2,0
15,2
13,2
3,2
7,2
14,2
19,0
16,0
9,0
16,0
9,0
19,0
2,0
1,2
3,2
7,0
16,0
1,0
18,0
15,0
11,0
11,0
7,0
6,0
18,0
1,2
16,2
8,2
5,2
6,2
3,2
9,2
