13,0
1,0
16,0
13,0
14,0
7,0
9,0
14,0
11,0
17,0
1,0
11,0
16,0
8,0
10,0
16,0
18,0
1,0
9,0
19,0
2,0
18,0
16,0
14,0
3,0
10,0
14,0
11,0
3,0
0,0
19,0
3,0
15,0
0,0
19,0
6,0
11,0
0,0
10,0
11,0
19,0
17,0
6,0
6,0
19,0
16,0
14,0
10,0
16,0
13,0
15,0
1,0
10,0
18,0
6,0
7,0
6,0
0,0
3,0
9,0
12,0
9,0
15,0
13,0
0,0
19,0
1,0
6,0
8,0
7,0
3,0
13,0
18,0
14,0
13,0
3,0
7,0
14,0
7,0
2,0
19,0
10,0
0,0
8,0
0,0
18,0
0,0
14,0
7,0
14,0
7,0
9,0
2,0
7,0
3,0
0,2
8,2
13,2
3,2
3,2
3,2
6,0
5,0
17,0
16,0
11,0
3,0
16,0
16,1
7,1
16,1
2,1
10,1
13,1
10,1
19,1
0,1
0,1
8,1
6,1
9,1
7,1
8,1
15,1
10,1
7,1
10,0
13,0
8,0
15,0
0,2
2,2
16,2
6,2
0,0
10,0
12,0
18,0
14,0
10,0
18,0
8,2
15,2
10,2
16,2
3,2
10,2
16,0
1,0
13,0
1,0
10,0
15,0
5,0
3,0
3,0
9,0
2,0
7,0
9,0
5,0
15,0
10,0
18,0
7,2
14,2
14,2
14,0
3,0
13,0
1,0
16,0
13,0
14,0
7,0
9,0
14,0
11,2
17,2
1,2
11,2
16,0
8,0
10,0
16,0
18,2
1,2
9,0
19,0
2,0
18,0
16,0
14,2
3,2
10,1
14,1
11,1
3,1
0,1
19,1
3,1
15,1
0,1
19,1
6,1
11,1
0,1
10,0
11,0
19,0
17,0
6,0
6,0
19,0
16,0
14,0
10,0
16,0
13,0
15,0
1,0
10,0
18,0
6,0
7,0
6,0
0,0
3,1
9,1
12,1
9,1
15,1
13,0
0,0
19,1
1,1
6,1
8,1
7,1
3,1
13,1
18,1
14,1
13,1
3,1
7,1
14,1
7,0
2,0
19,0
10,0
0,0
8,0
0,0
18,0
0,0
14,0
7,0
14,0
7,0
9,0
2,0
7,0
3,0
0,0
8,0
13,0
3,0
3,0
3,0
6,0
5,0
17,0
16,0
11,0
3,0
16,0
16,0
7,0
16,0
2,0
10,0
13,0
10,0
19,0
0,0
0,0
8,0
6,0
9,0
7,0
8,0
15,0
10,0
7,0
10,0
13,0
8,0
15,0
0,0
2,0
16,0
6,0
0,0
10,0
12,0
18,0
14,0
10,0
18,0
8,0
15,0
10,0
16,0
3,0
10,0
16,0
1,0
13,0
1,0
10,0
15,0
5,0
3,0
3,0
9,0
2,0
7,0
9,0
5,0
15,0
10,0
18,0
7,0
14,0
14,0
14,0
3,0
15,0
14,0
6,0
16,0
