12,0
6,2
10,2
7,2
0,2
7,2
7,2
19,2
19,2
13,2
2,0
0,0
11,0
1,0
6,0
19,2
10,2
10,2
10,2
1,2
3,0
1,0
12,0
7,0
13,0
17,2
19,2
13,0
14,0
11,2
7,2
8,0
14,0
6,0
14,0
7,0
6,0
15,1
10,1
6,1
6,1
0,1
0,1
19,1
1,1
6,1
19,1
17,1
6,1
6,1
16,1
7,1
19,0
1,2
0,2
6,2
19,2
10,2
10,2
14,2
10,2
18,2
14,2
16,2
1,2
18,2
19,2
2,0
14,0
11,0
7,0
19,0
6,2
1,2
6,2
19,2
8,2
17,2
13,2
10,2
12,2
1,2
7,2
6,2
7,0
0,0
14,0
1,0
10,0
6,0
6,0
7,0
12,0
16,0
7,2
0,2
7,2
17,2
13,2
15,1
14,1
6,1
6,1
0,1
1,1
0,1
10,1
10,1
0,0
13,1
14,1
6,1
3,1
10,1
7,1
10,1
10,1
6,1
19,1
0,1
10,1
6,1
1,1
10,1
14,0
10,0
12,0
6,0
10,0
7,0
0,0
7,0
7,0
19,0
19,0
13,0
2,0
0,0
11,0
1,0
6,0
19,0
10,0
10,0
10,0
1,0
3,0
1,0
12,0
7,0
13,0
17,0
19,0
13,0
14,0
11,0
7,0
8,0
14,0
6,0
14,0
7,0
6,0
15,0
10,0
6,0
6,0
0,0
0,0
19,0
1,0
6,0
19,0
17,0
6,0
6,0
16,0
7,0
19,0
1,0
0,0
6,0
19,0
10,0
10,0
14,0
10,0
18,0
14,0
16,0
1,0
18,0
19,0
2,0
14,0
11,0
7,0
19,0
6,0
1,0
6,0
19,0
8,0
17,0
13,0
10,0
12,0
1,0
7,0
6,0
7,0
0,0
14,0
1,0
10,0
6,0
6,0
7,0
12,0
16,0
7,0
0,0
7,0
17,0
13,0
15,0
14,0
6,0
6,0
0,0
1,0
0,0
10,0
10,0
0,0
13,0
14,0
6,0
3,0
10,0
7,0
10,0
10,0
6,0
19,0
0,0
10,0
6,0
1,0
10,0
14,0
10,0
