7,0
0,0
0,2
0,2
12,2
0,2
5,0
9,0
1,0
9,0
8,0
6,2
19,2
2,0
16,1
1,1
9,1
6,1
2,1
6,1
19,1
11,1
19,1
15,1
11,1
13,1
10,0
5,0
6,2
6,2
7,2
19,2
10,0
18,1
6,1
11,1
17,1
2,1
9,1
15,1
11,1
10,1
14,1
14,0
8,0
10,0
2,0
6,0
2,1
18,1
15,1
10,1
16,1
3,1
6,1
2,1
11,1
0,1
6,1
9,1
10,1
0,1
19,1
13,1
15,1
11,1
6,1
9,1
0,1
3,1
19,1
15,1
0,0
1,0
1,2
7,2
18,2
11,2
0,2
8,2
3,2
19,0
9,0
15,0
10,0
15,0
2,1
15,1
16,1
14,1
2,1
10,1
3,1
6,0
10,0
10,0
9,0
2,0
13,0
5,0
11,0
6,0
8,0
8,0
8,2
16,2
3,2
3,2
6,2
19,2
1,2
13,2
9,0
19,2
15,2
7,2
8,2
7,2
9,2
13,0
0,0
9,0
6,0
7,0
11,2
3,2
7,2
16,2
13,2
13,2
3,0
19,0
6,0
10,2
6,2
14,2
7,2
3,2
10,0
9,0
15,0
19,0
14,0
6,2
2,2
0,2
1,2
8,0
18,0
13,0
16,0
10,0
5,0
3,2
3,2
1,2
5,2
19,2
19,2
0,2
9,0
1,1
9,1
13,1
19,1
16,1
16,1
6,0
7,0
17,0
19,0
14,0
9,0
18,0
