12,0
6,0
2,0
13,2
5,2
11,2
19,2
6,2
11,2
9,2
7,2
6,2
7,0
18,0
7,0
19,2
19,2
18,2
11,2
0,2
1,2
2,2
11,2
10,0
16,0
7,0
6,0
19,0
19,2
0,2
10,2
11,2
11,2
9,2
1,2
10,0
19,0
14,0
15,0
16,0
0,0
9,0
1,0
6,0
9,1
15,1
10,1
10,1
11,1
6,1
10,1
2,1
8,1
14,1
2,1
9,1
19,0
11,0
10,0
10,0
3,0
19,0
9,0
8,0
16,0
6,2
2,2
11,2
10,2
18,2
10,2
19,0
13,0
6,0
13,0
10,2
8,2
5,2
3,2
10,2
11,2
11,0
13,0
12,0
3,2
0,2
15,1
0,1
10,1
16,1
7,1
9,1
14,1
10,1
14,0
10,0
9,0
11,0
15,0
18,1
10,1
13,1
5,1
10,1
10,1
5,1
7,1
10,1
0,1
13,1
4,1
8,1
15,1
8,1
1,1
19,1
10,1
8,1
1,1
3,1
10,1
11,0
14,0
5,0
2,0
10,0
10,0
9,0
2,1
16,1
6,1
7,0
0,2
9,2
11,2
10,0
0,0
3,0
13,0
7,0
10,2
19,2
19,2
16,0
10,0
17,0
18,0
1,0
0,0
14,0
6,0
9,0
10,0
10,0
7,0
4,0
11,0
18,0
18,0
15,0
16,0
0,0
19,0
3,0
9,0
17,0
15,0
10,0
7,0
4,1
9,1
13,1
0,1
6,1
12,1
19,0
16,0
1,0
1,0
0,0
10,0
13,1
14,1
7,1
3,1
15,1
6,1
9,1
3,1
5,1
10,1
13,1
1,1
9,1
13,1
1,1
16,1
10,1
7,1
16,0
14,0
3,0
6,0
19,0
19,0
17,0
14,1
7,1
19,1
16,1
15,1
12,1
14,1
3,1
18,1
11,1
14,1
15,1
13,1
14,1
11,0
17,0
0,0
1,0
5,0
3,0
13,0
15,0
11,1
19,1
19,1
14,1
14,1
10,0
3,0
6,0
3,0
7,0
1,0
15,0
10,0
10,0
15,0
5,0
12,0
10,0
8,1
18,1
3,1
14,1
2,1
11,1
1,0
9,0
15,0
0,1
11,1
0,1
0,1
10,1
0,1
8,1
14,1
13,1
13,1
5,1
3,1
19,0
16,0
11,0
14,0
19,0
14,0
8,0
10,0
1,1
10,1
