14,0
19,0
3,0
13,0
16,0
7,2
18,2
17,2
11,2
12,2
10,2
19,2
2,2
6,2
2,1
13,1
6,1
6,1
18,1
10,1
1,1
0,1
10,1
3,0
19,0
2,1
19,1
0,1
10,1
1,1
11,1
9,1
0,1
2,1
10,1
10,0
11,0
14,0
3,2
11,2
6,2
9,2
19,2
5,2
3,2
7,0
3,0
8,2
12,2
9,2
9,2
1,2
16,2
10,2
15,0
16,0
13,0
1,0
2,0
18,2
9,2
12,2
3,2
13,2
5,2
19,0
7,0
11,0
6,0
13,2
6,2
6,2
3,2
10,0
16,0
7,0
9,0
3,0
3,0
1,0
11,2
4,2
12,2
16,2
16,2
19,2
15,2
17,2
3,2
7,0
3,0
11,2
10,2
5,2
4,2
19,2
5,2
11,2
7,0
6,0
11,0
6,0
7,0
1,0
7,2
17,2
16,2
5,2
17,2
9,2
6,2
7,0
3,0
6,2
10,2
8,2
10,2
6,2
12,2
1,2
19,2
6,0
7,0
19,2
19,2
4,2
11,2
5,2
19,2
13,2
11,2
11,0
19,0
5,0
