0,0
19,0
19,0
0,0
15,0
10,0
11,0
14,0
19,0
7,0
13,0
9,0
0,0
15,0
0,0
9,0
0,0
3,0
7,0
19,0
16,0
6,0
16,0
6,0
19,0
10,0
10,0
14,2
3,2
7,2
0,0
15,1
6,1
8,1
3,1
18,1
15,1
10,1
1,1
14,1
15,1
3,1
19,1
11,1
1,0
10,0
5,0
2,0
0,2
3,2
10,2
19,0
19,0
17,0
19,0
7,0
14,0
6,0
12,0
6,0
0,0
13,0
12,0
5,0
11,0
14,0
19,1
15,1
11,1
10,1
14,1
7,1
0,1
11,1
5,1
19,0
16,2
9,2
0,2
5,2
10,0
6,0
3,0
19,0
11,0
14,1
10,1
10,1
12,1
11,1
7,1
3,1
13,1
2,1
12,1
8,1
10,1
17,1
10,1
15,0
14,2
6,2
9,2
0,0
1,1
0,1
16,1
0,0
19,0
0,1
9,1
8,1
7,1
11,1
10,0
19,0
6,0
10,0
12,0
14,0
5,0
15,0
1,0
0,0
11,0
10,0
3,0
0,0
2,0
10,0
11,0
3,0
13,0
6,0
0,0
5,0
10,0
0,0
15,0
16,0
6,0
16,0
5,1
19,1
7,1
2,1
6,1
10,1
0,1
14,1
10,1
11,1
7,1
11,1
7,1
18,1
13,1
19,1
13,1
8,1
3,1
0,1
18,1
7,1
18,1
13,1
6,0
11,0
5,1
13,1
7,1
10,1
16,1
14,1
10,1
7,1
8,1
13,1
16,1
19,1
2,1
14,1
6,1
9,1
5,1
14,1
7,1
0,1
5,1
1,1
10,1
8,1
6,1
9,1
1,1
16,1
5,1
10,1
19,1
6,0
5,0
11,0
0,2
16,2
4,2
19,2
13,2
0,0
6,0
14,1
5,1
13,1
1,1
14,1
0,1
19,1
19,1
6,1
15,0
19,0
0,2
1,2
7,2
16,2
15,2
19,2
1,0
12,0
7,0
16,0
10,0
3,0
14,0
10,1
7,1
16,1
2,1
9,1
11,1
10,1
7,1
11,1
16,1
15,1
18,1
15,1
6,1
13,1
10,0
15,0
5,0
10,2
0,2
2,2
5,2
18,0
0,0
15,0
4,0
10,0
11,1
7,1
3,1
0,1
19,1
19,1
0,1
15,1
10,1
11,0
14,0
19,0
7,0
13,2
9,2
0,2
15,2
0,0
9,0
0,0
3,0
7,0
19,0
16,0
6,0
16,0
6,0
19,0
10,0
10,1
14,1
3,1
7,1
0,1
15,1
6,1
8,1
3,1
18,1
15,1
10,1
1,1
14,1
15,1
3,1
19,1
11,1
1,1
10,0
5,0
2,0
0,0
3,0
10,0
19,0
19,0
17,0
19,0
7,0
14,0
6,0
12,0
6,0
0,0
13,0
12,0
5,0
11,0
14,0
19,0
15,0
11,0
10,0
14,0
7,0
0,0
11,0
5,0
19,0
16,0
9,0
0,0
5,0
10,0
6,0
3,0
19,0
11,0
14,0
10,0
10,0
12,0
11,0
15,0
9,0
3,0
13,0
2,0
12,0
8,0
10,0
17,0
10,0
15,0
14,0
6,0
9,0
0,0
1,0
0,0
16,0
0,0
19,0
0,0
9,0
8,0
7,0
11,0
10,0
19,0
6,0
10,0
12,0
14,0
5,0
15,0
1,0
0,0
11,0
10,0
3,0
0,0
2,0
10,0
11,0
3,0
13,0
6,0
0,0
5,0
10,0
0,0
15,0
16,0
6,0
16,0
5,0
19,0
7,0
2,0
6,0
10,0
0,0
14,0
10,0
11,0
7,0
11,0
7,0
18,0
13,0
19,0
13,0
8,0
3,0
0,0
18,0
7,0
18,0
13,0
6,0
11,0
5,0
13,0
7,0
10,0
16,0
14,0
10,0
7,0
8,0
13,0
16,0
19,0
2,0
14,0
6,0
9,0
5,0
14,0
7,0
0,0
5,0
1,0
10,0
8,0
6,0
9,0
1,0
16,0
5,0
10,0
19,0
6,0
5,0
11,0
0,0
16,0
4,0
19,0
13,0
0,0
6,0
14,0
5,0
13,0
1,0
14,0
0,0
19,0
19,0
6,0
15,0
19,0
0,0
1,0
7,0
16,0
15,0
19,0
1,0
12,0
7,0
16,0
10,0
3,0
14,0
10,0
7,0
16,0
2,0
9,0
11,0
10,0
7,0
11,0
16,0
15,0
18,0
15,0
6,0
13,0
10,0
15,0
5,0
10,0
0,0
2,0
5,0
18,0
0,0
15,0
4,0
10,0
11,0
7,0
3,0
