14,0
13,0
19,0
6,0
3,0
17,0
3,0
10,0
19,2
5,2
16,2
10,2
7,2
6,2
7,2
0,2
0,2
7,0
6,0
19,0
5,2
10,2
0,2
19,2
2,2
1,2
19,2
16,2
6,0
6,0
0,0
19,0
0,0
19,2
11,2
9,2
19,2
3,2
6,2
2,2
9,0
11,0
11,0
6,0
9,0
4,0
9,0
2,0
11,0
12,0
10,1
2,1
8,1
6,1
2,1
19,1
19,1
11,1
13,1
18,1
7,1
8,1
1,0
1,0
6,0
7,0
2,0
9,0
5,0
18,2
10,2
13,2
10,2
6,2
18,2
4,2
15,0
7,0
7,2
6,2
10,2
13,2
3,2
1,2
9,2
6,0
14,0
3,0
9,0
7,2
12,2
14,0
6,1
14,1
3,1
0,1
5,0
1,0
13,0
13,0
8,0
5,0
10,1
12,1
0,1
7,1
19,1
19,1
18,1
10,1
8,1
7,1
9,1
7,1
9,1
16,1
8,1
1,1
3,1
9,1
11,1
14,1
6,1
2,1
10,0
10,2
10,2
3,0
6,0
1,0
3,0
2,1
10,1
11,1
9,0
15,2
3,2
13,2
7,0
10,0
0,0
16,0
19,0
13,2
1,2
18,2
2,0
2,0
1,0
6,0
1,0
10,0
10,2
2,2
11,0
12,2
4,2
7,0
16,0
10,2
14,2
18,0
19,0
0,0
14,0
6,0
10,0
10,0
11,0
1,1
1,1
6,1
13,1
8,1
0,1
6,1
14,1
19,1
3,1
19,1
17,1
15,0
4,0
7,0
9,1
19,1
10,1
16,1
0,1
12,1
10,1
0,1
7,1
6,1
10,1
14,1
17,1
3,1
5,1
14,1
15,1
3,1
15,1
4,1
5,0
6,0
18,0
15,0
3,0
17,0
11,0
6,0
11,0
11,0
16,1
18,1
10,1
2,1
14,1
17,1
11,1
11,1
9,1
3,0
15,0
0,0
14,0
10,0
0,0
10,1
10,1
8,1
11,1
9,1
10,1
19,1
6,1
2,1
14,1
15,1
0,1
1,1
9,1
16,1
9,1
14,1
3,0
9,0
11,0
11,0
3,0
1,0
17,0
18,0
2,1
11,1
14,1
10,1
11,1
11,1
