11,0
9,0
6,0
15,0
6,0
6,0
18,2
2,2
15,0
10,1
11,1
15,1
15,0
16,2
9,2
5,2
16,0
9,0
7,0
16,0
15,2
3,2
7,2
7,2
15,0
7,0
9,0
7,0
18,0
9,2
6,2
15,2
7,2
3,0
18,0
10,0
19,0
13,0
2,0
11,2
9,2
2,2
13,2
7,2
2,2
7,2
0,2
2,0
15,0
13,0
11,0
0,2
1,2
19,2
0,2
15,2
7,2
0,2
3,2
16,2
14,2
16,0
2,0
9,0
5,0
10,0
1,2
10,2
7,2
15,2
14,2
16,2
7,2
16,0
10,0
9,0
7,0
16,0
10,2
16,2
19,2
0,2
15,2
16,2
7,2
7,2
17,0
2,0
2,0
18,0
6,2
6,2
11,2
15,2
4,2
15,2
9,2
16,2
2,2
16,2
16,2
7,2
5,2
8,2
3,2
10,0
18,0
10,2
19,2
13,2
15,2
7,2
14,2
19,2
2,2
9,0
3,0
18,0
13,0
9,2
13,2
3,2
15,2
2,2
