11,0
19,0
15,0
19,0
2,0
3,0
9,0
12,0
19,0
14,0
1,0
2,0
6,0
9,0
19,0
7,0
9,0
3,0
9,0
2,0
3,0
3,0
17,0
11,0
15,0
9,0
19,0
1,0
5,0
10,0
16,0
8,0
15,0
14,0
8,0
7,0
1,0
9,0
19,0
10,0
18,0
1,0
3,0
15,0
10,0
3,0
3,0
0,0
9,0
15,0
12,0
10,0
1,0
19,0
1,0
6,0
0,0
18,0
1,0
10,0
12,0
16,0
6,0
11,0
11,0
6,0
13,0
16,0
11,0
6,0
9,0
12,0
10,0
1,0
0,0
0,0
3,0
6,0
9,0
18,0
13,0
19,0
14,0
6,0
7,0
16,0
14,0
10,0
15,0
16,0
5,0
10,0
19,0
11,0
13,0
5,0
1,0
2,0
11,0
11,0
11,0
19,0
7,0
10,0
19,0
19,0
3,0
6,0
18,0
7,0
3,0
9,0
5,0
7,0
10,0
19,0
16,0
19,0
6,0
3,0
9,0
10,0
6,0
6,0
9,0
19,0
7,0
