5,0
9,0
14,0
0,0
15,0
6,0
5,0
6,0
16,0
10,0
19,0
1,0
14,0
11,0
14,0
10,0
10,0
10,0
11,0
10,1
10,1
11,1
15,1
19,1
7,1
0,0
5,2
11,2
3,2
16,2
18,1
16,1
12,1
11,1
6,1
19,1
10,1
13,1
18,1
10,1
7,1
5,0
18,0
9,0
12,0
16,0
11,0
1,2
10,2
18,1
3,1
6,1
11,1
5,1
5,1
8,1
9,1
19,1
18,1
4,1
15,1
2,1
3,1
10,1
10,0
7,0
3,0
10,0
13,0
7,0
19,0
14,0
15,0
13,2
15,2
19,2
11,0
6,0
8,0
1,1
11,1
9,1
18,1
16,1
12,1
9,1
18,1
1,0
2,0
10,2
19,2
19,2
19,0
2,0
5,1
12,1
5,1
9,1
14,1
0,1
15,1
6,1
5,1
6,1
16,1
10,0
19,2
1,2
14,2
11,0
14,0
10,0
10,0
10,0
11,0
10,0
10,0
11,0
15,0
19,0
7,0
0,0
5,0
11,0
3,0
16,0
18,0
16,0
12,0
11,0
6,0
19,0
10,0
13,0
18,0
10,0
7,0
5,0
18,0
9,0
12,0
16,0
11,0
1,0
10,0
18,0
3,0
6,0
11,0
5,0
5,0
8,0
9,0
19,0
18,0
4,0
15,0
2,0
3,0
10,0
10,0
7,0
3,0
10,0
13,0
7,0
19,0
14,0
15,0
13,0
15,0
19,0
11,0
6,0
8,0
1,0
11,0
9,0
18,0
16,0
12,0
9,0
18,0
1,0
2,0
10,0
19,0
19,0
19,0
2,0
5,0
5,0
9,0
14,0
0,0
15,0
6,0
5,0
6,0
16,0
10,0
19,0
1,0
14,0
11,0
14,0
10,0
10,0
10,0
11,0
10,0
10,0
11,0
15,0
19,0
7,0
0,0
5,0
11,0
3,0
16,0
18,0
16,0
12,0
11,0
6,0
19,0
10,0
13,0
18,0
10,0
7,0
5,0
18,0
9,0
12,0
16,0
11,0
1,0
10,0
18,0
3,0
6,0
11,0
5,0
5,0
8,0
9,0
19,0
18,0
4,0
15,0
2,0
3,0
10,0
10,0
7,0
3,0
10,0
13,0
7,0
19,0
14,0
15,0
13,0
15,0
19,0
11,0
6,0
8,0
1,0
11,0
9,0
18,0
16,0
12,0
9,0
18,0
1,0
2,0
10,0
19,0
19,0
19,0
9,0
14,0
0,0
15,0
6,0
5,0
6,0
16,0
10,0
19,0
1,0
14,0
11,0
14,0
10,0
10,0
10,0
11,0
10,0
10,0
11,0
15,0
19,0
7,0
0,0
5,0
11,0
3,0
16,0
18,0
16,0
12,0
11,0
6,0
19,0
10,0
13,0
18,0
10,0
7,0
5,0
18,0
9,0
12,0
16,0
11,0
1,0
10,0
18,0
3,0
6,0
11,0
5,0
5,0
8,0
9,0
19,0
18,0
4,0
15,0
2,0
3,0
10,0
10,0
7,0
3,0
10,0
13,0
7,0
19,0
14,0
15,0
13,0
15,0
19,0
11,0
6,0
8,0
1,0
11,0
9,0
18,0
16,0
12,0
9,0
18,0
1,0
2,0
10,0
19,0
19,0
19,0
2,0
